   1.9860062829891962e+02   1.8477817190889851e+01   5.2003750516959357e-01   3.8899469203132597e+01   2.6368234278764469e+01   1.8688073303902232e+01   8.4195678536623131e+00   7.7609315173288218e+00   5.6054177240311729e+00   2.3225414277062427e+01   4.3455070818495443e+01   3.0409415598830627e+01   2.5830004681140345e+01   2.1227927368387107e+01   4.0432861630718392e+01   1.3463939894804597e+00   1.5670134292383198e+01   2.8924436463929908e+01   3.1476459101632901e+01   1.1420309198341419e+01   1.6965019760099963e+01   1.1703611148282215e+01   3.2779603783877889e+01   2.4277808754776631e+00   1.0474786693166003e+01   1.9001210481242627e+01   3.1602727231781458e+01   4.1611906149112698e+01   7.6024440252658785e+00  -1.0294666015228593e-01   3.5541188351103798e+01   2.5917670284971933e+01   2.2971062327655524e+01   2.7189284478093988e+01   2.1368239257851755e+01  -3.0357713418089460e+00   4.2587957762895591e+01   1.2114808125107452e+01   4.4558354096804095e+01   2.1025942836927634e+01   7.6390901556006288e+00   3.5107560982810796e+01   1.1891544077538921e+01   3.0122589872786314e+01   4.3826808503789323e+01   4.1514006817676446e+01   5.3692854505076113e+00   3.7254529987214610e+01   2.4574269663374423e+01   5.4288632543246784e+00
   1.8477817190889851e+01   1.8314931659340414e+02  -2.5336775613347253e+00   2.0259675965310784e+01   2.7278080710551855e+01   1.4789269392372656e+01   1.7107676090706892e+01   2.0980430833342592e+00  -7.1756822292523488e+00   4.3548695738931308e+01   2.0907628900670574e+01   2.6970781369646355e+00   1.2307694676955288e+01   2.1130952343149843e+01   1.1131370948495158e+01   1.5356596895131071e+01   1.5161956237783089e+01   3.1156863116784436e+01   1.5529537273490909e+01  -2.0622485618936959e+00   7.0649090693965020e+00   3.9949397410129642e+01   2.0780652303777728e+01   1.4245721932358933e+01   3.2822836021725166e+01   4.4073278994761608e+01   3.2933643702943208e+01   1.5675062300927117e+01   1.9036484116299999e+01   1.9096401557649891e+01  -3.8553331977421745e+00   1.2726302561215455e+01   2.8916521163366689e+00   3.4086538309089157e+01   3.0562522476773967e+01  -3.6129827982047358e+00   8.7447087139051582e-02   3.8366090320248851e+01   2.7123296546775236e+01  -3.3925518758256601e+00   1.5550548895508758e+01   1.1925422717125100e+01   1.8378464416775852e+01   3.0378440669415621e+01   2.2445966443209898e+01   9.4807725666497280e+00   3.5254316732190091e+01   9.3368396531872389e+00   3.2070123935166805e+01   1.1042416649254916e-01
   5.2003750516959357e-01  -2.5336775613347253e+00   2.0435022179565024e+02   1.5866535144375051e+01   1.5948385070896153e+01   2.2881462800932987e+01   3.5680046483915888e+01   1.8952681638074043e+01   2.9757425834462005e+01   4.1509820383164467e+01   2.0407039747936356e+01   1.9704026094355346e+01   7.3847219687369217e+00   1.2299959433384476e+01   1.9102526220474495e+01   1.8919885584890920e+01   1.4419375831759659e+01   6.4489030334927477e-02   2.5087435969105950e+01   1.4578496773647576e+01   2.1556416517801051e+01   1.8239658482158021e+01   5.8004342638452160e+00   5.2719957435690761e+00   4.0113657855454974e+01   4.3288533256059665e+01   3.1309011089422640e+01   9.2035987289087089e+00   4.2864193014998868e+01   9.8054136104762328e+00   3.2693136489582670e+01   2.0220775131183622e+01   2.4981542654434172e+01   1.7992329842465189e+00  -8.8463776734029365e-01   1.8546937055793020e+01   2.6018364407401307e+01   2.0142738569298910e+01   3.4354209582580680e+01   4.1253467316839680e+00   3.1500732943072620e+01   1.0086387456486282e+01   1.6601185123772055e+01   2.5976238263015276e+01   3.2034646112455057e+01   1.2281921422161314e+01   1.2654300029306949e+01   2.7030137390426464e+01   3.5065294666677339e+01   2.8074039627211086e+01
   3.8899469203132597e+01   2.0259675965310784e+01   1.5866535144375051e+01   1.9364975659130866e+02   8.6343619288673565e+00   2.9609320433962345e+01   9.7382723304736665e+00   4.6306099767105174e+01  -7.2515952890618376e+00   4.7927239905182857e+00   1.4611319857601941e+01   2.9716969249742398e+01   1.4216347598830570e+01   2.9111520214373556e+01   9.7997240940467396e+00   2.5336668299091674e+01   2.7421653635240126e+01   3.0283131661614302e+01   3.7569380870318639e+01   5.4491188098376613e+00   1.1903102920959686e+01   2.4363628952571993e+01   2.0334709144773083e+01   2.4056139085524180e+01   8.3755699372758308e+00  -2.3009981810288238e-01   1.9549411572109644e+01   3.7019243907563961e+01   3.4506942301026307e+01  -5.1817859236166797e-01   2.1411201760705943e+01   3.0911789278965191e+01   1.5014010190534787e+01   1.8596869325945768e+01   1.3806462004900196e+01   8.1352468459578802e+00   2.9910344762299875e+01   2.5824041395784292e+01   2.6672018709562231e+01   2.6604225846944612e+01   2.5011511976926055e+01   1.6147746090338938e+01   4.5138709411403404e+01   5.2505440155702878e+00   2.1076172614134968e+01   1.8526046275556173e+01   3.7933133012601360e+01   2.5013261943753093e+01   2.8052259527698673e+01   1.3293499600582358e+01
   2.6368234278764469e+01   2.7278080710551855e+01   1.5948385070896153e+01   8.6343619288673565e+00   2.2976386780801403e+02   2.1567891364267396e+01   1.1162537953972233e+01   2.0513563717628749e+00   2.7452781686108963e+01   2.2443995983278899e+01   3.7439492409698858e+01  -4.5881274475662703e+00   1.2160336761412466e+01   2.3566584467246862e+01   1.0082087494631647e+01   2.7084804630143996e+01   1.3729606887996384e+01   3.4218946464187148e+01   2.2542882053508613e+01  -9.9485287982813464e-01   4.4940770960676346e+00   3.1348983021679288e+01   1.8183592946683689e+01   3.9885525814162278e+01   3.7114287948166805e+01   1.9523557428184773e+01   3.1924930256524011e+01   3.2470736833841073e+01   3.9189576740257095e+01   1.7328652882302059e+01   4.0646950382898183e+01   1.1992542642410715e+00   2.6463167457540216e+01   2.9104971624980710e+01   2.8484266322294275e+01   3.5929634331317885e+01   5.4831396551804632e+00   7.4467910922142702e+00   3.7022634939958422e+01   4.9721419768509456e+00   5.3089459848531844e+00   2.8427956446253745e+01   8.5998166676379224e+00   7.4744510260025638e+00  -7.2231667456526694e-01   3.5631644388380209e+01   6.2173795650915995e+00   3.3664322271866638e+01   2.2388752939624087e+01   2.1501112748967287e+01
   1.8688073303902232e+01   1.4789269392372656e+01   2.2881462800932987e+01   2.9609320433962345e+01   2.1567891364267396e+01   1.7620151772886885e+02   3.0921358336568193e+01   2.3971455651350716e+01   2.6218338589882748e+01   4.1520336774908202e+01   4.2040154467171993e+00   1.1877143092178763e+01   1.9937557522113963e+01   1.7726077124874632e+01   1.7808097926954616e+01   3.0398993899294361e+01   2.2156402226589158e+01   2.8196989495924889e+01   2.2012501679289350e+01   1.9411444616974819e+01  -4.6448372815679022e+00   1.1790082217089834e+01   1.0860184420172109e+01   1.2243714358629191e+01  -8.0592288256927720e+00   1.6964804446479921e+01   2.5124960728336809e+01   1.8795267254700715e+01   3.2841181161310558e+01   3.5417165764939014e+01   9.1005516563333799e+00   3.1761086350772381e+01   1.0663359216089486e+01   6.1019094322309115e+00   2.6599153552752064e+01  -1.5833032345418578e+00   3.8837881701748927e+01   6.2437465120933462e+00   1.2746563311830592e+01  -4.5034737221716288e+00  -2.3458962315317349e+00   2.7257437917926445e+01   4.4927329785597863e+01   3.8242139619827825e+01   2.9178901170305558e+01   7.4506400455688953e+00   2.3176659570182924e+01   2.3515049244774007e+00   1.9809369801710950e+01   4.1662935802456907e+01
   8.4195678536623131e+00   1.7107676090706892e+01   3.5680046483915888e+01   9.7382723304736665e+00   1.1162537953972233e+01   3.0921358336568193e+01   2.0352617214990948e+02   1.1775645210173858e+01   3.7859571053527944e+01   1.7510404233075185e+00  -4.3232897565771751e+00   9.9805156672137354e+00   2.0896473100406400e+01   3.3483423171231848e+01   3.4472177440592048e+01   3.5153083595205473e+01   1.5020702052495981e+01   1.1962945296411704e+01   2.6081019222866097e+01   1.0257615507958551e+01   2.7887262907421132e+01   2.7471292918486153e+01   3.8517901388288884e+01   2.1370547564757871e+01   1.2228378254640777e+01   1.3685749477004709e+01   6.8496051629200316e+00   4.9224066280031904e+00   3.1372916592955903e+01   1.9814308495363512e+01   8.8812891773179672e+00   3.3701885060846720e+01   3.4259512748194702e+01  -2.1946569638708451e+00   2.1950075636928691e+01   6.3614515324617606e+00   2.3999112273380348e+01   1.0108564424601587e+01   7.2984693653019184e+00   1.1846187161309141e+01   2.3757453341295268e+01   3.2961321528509998e+01   1.7966381563899375e+01   2.9671729528873659e+01   1.6404051107639141e+01   1.7289662765399832e+01   2.9308174784742672e+01   1.9564285431688241e+01   1.8869742140567674e+01   1.7883787905081881e+01
   7.7609315173288218e+00   2.0980430833342592e+00   1.8952681638074043e+01   4.6306099767105174e+01   2.0513563717628749e+00   2.3971455651350716e+01   1.1775645210173858e+01   2.0237243710325782e+02   1.7355166557742351e+01   3.1880479646406478e+01   1.1653516036902648e+01   2.0725784560403447e+01   1.8345470704874863e+01  -2.9439225046587802e+00   9.3401402688463921e+00   3.8466827377115081e+01   2.4689289247042041e+01   2.4538471681783662e+01   2.1656424410526057e+01   6.6032217157624959e+00   1.0574810113789701e+01   1.6237124563323690e+01   4.1495491924474052e+01   2.0922331898846959e+01   1.8272402346681581e+01   2.5565687362767683e+01   3.5670630043097432e+01   2.4069161813534222e+01   7.0654519149654682e+00   1.8797802274182970e+01   2.3229736435803702e+01   2.7026682127694862e+01   2.2265631969249462e+01  -2.1256147677249517e+00   4.4345486882314304e+01   2.9280227074211076e+01   1.7012016740078675e+00   2.8117009587280208e+01   2.9392901824198105e+00   2.1547753070455350e+01  -4.7850230923873669e+00   2.8536554141693671e+01   3.1019358995424845e+01   1.9147121463732681e+01   1.5493750356519209e+01   3.2850513248984058e+01   3.4660600113663925e+01   2.9154147786926792e+01   1.7677195448305127e+01   3.5366590368845323e+01
   5.6054177240311729e+00  -7.1756822292523488e+00   2.9757425834462005e+01  -7.2515952890618376e+00   2.7452781686108963e+01   2.6218338589882748e+01   3.7859571053527944e+01   1.7355166557742351e+01   2.1782900400315117e+02   7.3106612149072987e+00   1.1236839475322647e+01   1.6046601811785642e+01   1.9075467703865350e+00   1.1700296881030940e+01   2.7829742492992352e+01   1.8669531998724896e+01   3.1808311461462679e+01   4.0845857162900558e+01   2.0820507399380794e+01   2.4294186257329493e+01   2.5380482148987618e+01   1.9173866511622592e+01   6.4560570414375489e+00   2.0607993369383237e+01   2.6542712860956566e+01   1.7148372013063117e+01   2.6455205422646051e+00   1.2535948023990809e+01   3.4428309856255005e+01   3.2331386184337404e+01   2.6645176054283624e+01  -3.7773977655268087e+00   4.4634550288324036e+01   3.4070576565225124e+01   3.2120012284798619e+01   3.0085495599488215e+01   2.5281545367163609e+01   2.2236612030838543e+01   2.1621437612176901e+01   3.1935382106921136e+01   3.7830516746065435e+01   2.3985360000682348e+01   2.1937732891795481e+01  -4.7934040077819127e+00   4.1583214227486236e+00   1.1542517150622224e+01   1.9222413422473696e+01   1.6338731212804152e+01   2.1453630334110169e+01   2.0678353494481247e+01
   2.3225414277062427e+01   4.3548695738931308e+01   4.1509820383164467e+01   4.7927239905182857e+00   2.2443995983278899e+01   4.1520336774908202e+01   1.7510404233075185e+00   3.1880479646406478e+01   7.3106612149072987e+00   2.2757985059174888e+02   2.1741673445907587e+01   2.5286072902259210e+01  -2.5299291677145264e+00   2.3171432549489657e+00   2.8533224203681716e+01   1.7018647609751806e+01   2.0132849771753843e+01   3.3231793190608535e+01   1.0564690937925057e+01   2.5357833093945025e+01   8.7404914383258507e+00   3.1759685956374248e+01   1.6027860671849037e+01   2.4141765857888668e+01   2.4360089504102476e+01   2.8095227491287186e+01   2.0337411972405818e+01   2.7835027064983972e+01   1.1249051270556468e+01   3.3682756528244990e+00   9.6242244391431271e+00   3.2616294392138002e+01   5.9621958619485467e+00   3.9702186598969007e+01   2.7779098996776675e+01   2.2481110730011217e+01  -2.3485404221422304e+00   1.7822278969610075e+01   1.7124460920182312e+01   7.1596275498855757e+00   1.6901807381775580e+01   3.1965726077303202e+01  -6.8105704648181122e+00   1.9576206460980563e+00   2.8721412913430783e+01   2.7321618186698107e+00   6.8338161376410955e+00   3.0229203368073691e+01   1.6861895313250745e+01   3.9310797596026511e+01
   4.3455070818495443e+01   2.0907628900670574e+01   2.0407039747936356e+01   1.4611319857601941e+01   3.7439492409698858e+01   4.2040154467171993e+00  -4.3232897565771751e+00   1.1653516036902648e+01   1.1236839475322647e+01   2.1741673445907587e+01   2.1287338676033562e+02   2.2411872663224155e+01   8.6354528122122360e+00   1.5670181706610848e+01   4.2453295337477186e+01   1.4374626065801747e+01   1.8295955900169417e+01   4.2018549667142381e+01   1.4221123137413542e+01   2.6054770105649073e+01   1.1878083177181921e+01   6.7358290222619335e+00   1.7225883414985113e+01   5.7772753286047065e+00   3.0902776102933675e+01   3.7167140017116587e+01   2.2319228257935752e+01   2.3242624190121148e+01   1.9471408699094496e+01   3.0441794515788619e+01   1.3720106909762485e+01   3.6470003916490050e+01   2.3244635297274641e+01   3.9605493465085075e+01   2.1708959082793584e+01   4.8415752884877508e+00   1.5206475976518480e+01   6.8820420478068884e+00   2.7305043610940860e+01   2.0993225500602229e+01   2.2737953488039338e+01   2.9005037461376006e+01   2.5552965119922597e+01   2.2189740343739285e+01   1.2434055453607023e+01   2.5657881868323710e+01   1.2324626041362631e+01   3.2883867919920604e+01   2.9350193600856691e+01   1.4404681249775576e+01
   3.0409415598830627e+01   2.6970781369646355e+00   1.9704026094355346e+01   2.9716969249742398e+01  -4.5881274475662703e+00   1.1877143092178763e+01   9.9805156672137354e+00   2.0725784560403447e+01   1.6046601811785642e+01   2.5286072902259210e+01   2.2411872663224155e+01   1.7216591803203366e+02   4.2630359178125454e+00   9.8351447842581692e+00   2.0941677458496834e+01  -3.7791444985010569e+00  -7.1991421549572747e+00   3.7367922839608672e+00   2.0840958599807635e+01   1.2807702384398521e+01   2.7253011202532075e+01   5.7503389147450630e+00   1.0086407934931467e+01  -2.8209350245851716e-01   2.1632140140647216e+01   4.7190704876620275e+00   1.7641759207959758e+01   1.2817693595713514e+01   4.6031850570938602e+01   4.9216247195199037e+00   4.0027005549844375e+01   2.1364381407194326e+01   2.3607739855066242e+01   3.0551283304733758e+01   1.2854853581645505e+01   1.6473117879629138e+00   4.6946942112868136e+01   1.3818937382325295e+01   3.8389989158120670e+01   3.3660228380869086e+01  -4.3199092836561892e+00   3.0475671820204838e+01   4.0402628300274479e+01   1.6282014237463347e+01   2.5335834491991037e+01   1.6138436133187000e+01  -4.6039287868207008e+00   1.6537511239598846e+01  -2.6411202937986467e+00  -5.8504866085497813e+00
   2.5830004681140345e+01   1.2307694676955288e+01   7.3847219687369217e+00   1.4216347598830570e+01   1.2160336761412466e+01   1.9937557522113963e+01   2.0896473100406400e+01   1.8345470704874863e+01   1.9075467703865350e+00  -2.5299291677145264e+00   8.6354528122122360e+00   4.2630359178125454e+00   2.2139253012868147e+02   1.0350301898694378e+01   2.5227556317279458e+01   3.9916315079190412e+01   4.3899879993719480e+01   1.0670649054642180e+01   3.4832626633056975e+01  -6.7744455588235475e-01   2.8160651304556495e+01  -8.0836593971907789e-02   9.7147939449189984e+00   1.1242954205599691e+01   4.1425358827523084e+01   2.9631739948331294e+01   1.3546237606196740e+01   1.6340060138637341e+01   2.7307490747821213e+01   2.2003313439840557e+01   8.9365225258793473e+00   2.2743265466964008e+01   1.5736421782320427e+01   1.3745085233275717e+01   2.3825534511643454e+01   8.4311127985325101e+00   1.9861500760829614e+01  -4.1810945370226493e-01   1.3069320702644079e+01   2.9790897427672299e+01   1.9893886056212207e+01  -4.4988919603290700e+00   2.8503094315813108e+01   2.9757069484262928e+01   3.1308093008928616e+01   2.2417262142316147e+01   2.1132485511853240e+01   2.5099062137833542e+01   3.1072670962654975e+01   4.4062645401004751e+01
   2.1227927368387107e+01   2.1130952343149843e+01   1.2299959433384476e+01   2.9111520214373556e+01   2.3566584467246862e+01   1.7726077124874632e+01   3.3483423171231848e+01  -2.9439225046587802e+00   1.1700296881030940e+01   2.3171432549489657e+00   1.5670181706610848e+01   9.8351447842581692e+00   1.0350301898694378e+01   2.0326971014184321e+02   2.5028590815400840e+01   1.5672536893632776e+01   8.7037988902045154e+00   2.9227258338217013e+01   8.6883939785241715e+00   1.7270010836215171e+01   2.9634056802955783e+01  -5.8857502063921530e-01   3.1066776666046568e+01   2.1522749733050759e+01   3.0974938634088019e+01   1.9526189887342792e+01   2.7093477612370233e+01   4.5776088716243578e+01   5.1000339711709053e+00   3.9442835680656856e+01   9.8686684014384838e+00   2.8143532557408108e+01   2.1785986964628208e+01   1.8970949415266318e+01   1.6033910125745372e+01   7.5165318296785388e+00   1.1581489489819974e+01   1.4234221476516675e+01   4.6976614044543922e+01   4.2141835432385271e+01   4.4675866775425135e+01   2.6058472985197700e+01   3.3665016213724407e+01   1.2362483098639292e+01   2.6297040315111069e+01   4.5477885892274719e+00   1.5665697619472549e+01   2.4197866074241190e+01   3.3823512382267218e+01   1.8147917697652495e+01
   4.0432861630718392e+01   1.1131370948495158e+01   1.9102526220474495e+01   9.7997240940467396e+00   1.0082087494631647e+01   1.7808097926954616e+01   3.4472177440592048e+01   9.3401402688463921e+00   2.7829742492992352e+01   2.8533224203681716e+01   4.2453295337477186e+01   2.0941677458496834e+01   2.5227556317279458e+01   2.5028590815400840e+01   1.8352578893115225e+02   2.6887039187989288e+01   2.1416260999592279e+01   5.5838810884133760e-01   2.0373004782777144e+01   1.1252537366374161e+01   4.2507743343658433e+01   4.4033139468626153e+01   1.4260457882056278e+01   1.5595403361243919e+01  -3.1735813826251813e+00   3.7775634900985622e+01   2.3418392824911713e+01   1.5561019166826911e+01   3.3748795974344191e+01   3.2347321937736022e+00  -3.8319739724462911e+00   2.0463989887296460e+01   8.9719981170587424e+00   3.6348230253324857e+01   1.2849884657046690e+01   1.9220304586879411e+01   3.6250031424068560e+01   1.9074612862452522e+01   1.8669706658810117e+01   4.9088900314732280e+00   1.1936959398248915e+01   1.2644716273973939e+00   3.2539075515547836e+01   9.8835378809950356e+00   1.7116576917688928e+01   8.1937748993110446e+00   4.6557409809849531e+01   3.9956489009937783e+00   2.2186389281296321e+01   2.0404032197524142e+01
   1.3463939894804597e+00   1.5356596895131071e+01   1.8919885584890920e+01   2.5336668299091674e+01   2.7084804630143996e+01   3.0398993899294361e+01   3.5153083595205473e+01   3.8466827377115081e+01   1.8669531998724896e+01   1.7018647609751806e+01   1.4374626065801747e+01  -3.7791444985010569e+00   3.9916315079190412e+01   1.5672536893632776e+01   2.6887039187989288e+01   1.7214247601948068e+02   1.0143194216185131e+01   1.5218442245055304e+00   1.0808786575828295e+01   7.5272247711901326e+00   9.3547401520516829e+00   1.0249774290964309e+01   1.2177175532720067e+01   2.5462996945199968e+01   2.0993273059894250e+01   2.1582593535433922e+01   2.8593941206379412e+01   2.7528333756184210e+01   2.5528715467958875e+01   1.4792460468455900e+01   3.6991091023730327e+00   2.2761000196761941e+01   2.4215909013754729e+01  -5.6851369899814497e-01   3.8732544295449998e+01   2.4260129405221647e+01   2.2517419777958303e+01   2.4739583947688445e+01   2.7280751137714894e+01   3.8285514020807682e+01   3.7406194898172993e+00   1.5608065836651839e+01   9.9359517291186989e+00   4.2018859507253392e-01   1.9903463104537554e+01   3.5309176143341134e+01   2.8482558143046724e+01   2.1574426184689397e+01   1.0798512877863894e+01   2.4567601315351286e+01
   1.5670134292383198e+01   1.5161956237783089e+01   1.4419375831759659e+01   2.7421653635240126e+01   1.3729606887996384e+01   2.2156402226589158e+01   1.5020702052495981e+01   2.4689289247042041e+01   3.1808311461462679e+01   2.0132849771753843e+01   1.8295955900169417e+01  -7.1991421549572747e+00   4.3899879993719480e+01   8.7037988902045154e+00   2.1416260999592279e+01   1.0143194216185131e+01   1.7526303637673973e+02   3.3662219000672380e+01   7.1927536579923146e-01   1.9227093594629121e+01   3.2691932514595024e+01   1.0231213574131486e+01   4.5358194127494770e+01   4.7874269369136231e+00   2.5438546586362150e+01   3.9699419679777442e+01   1.6014517655741791e+01   2.4821476467556856e+01   1.4620986504674434e+01   3.1546379497416162e+01   8.8408306853319907e+00   1.9690483720850239e+01  -5.9589450370765027e+00   2.2551099862127927e+01   2.7432301200358765e+01   3.6532591940364284e+01   2.8250658363769347e+01   3.5553777948714249e+01   1.2604294803173891e+01   3.7011042716627209e+01   1.8113520425507595e+01   2.7894109799356578e+01   2.0177361386179214e+01   3.4811757151295936e+01   1.2887032448579419e+00   6.9206335025899604e+00   3.7316255807025811e+01   2.0356891233868581e+01   3.6122646909212946e+01   3.7824843627832024e+01
   2.8924436463929908e+01   3.1156863116784436e+01   6.4489030334927477e-02   3.0283131661614302e+01   3.4218946464187148e+01   2.8196989495924889e+01   1.1962945296411704e+01   2.4538471681783662e+01   4.0845857162900558e+01   3.3231793190608535e+01   4.2018549667142381e+01   3.7367922839608672e+00   1.0670649054642180e+01   2.9227258338217013e+01   5.5838810884133760e-01   1.5218442245055304e+00   3.3662219000672380e+01   1.7546996857691508e+02   2.4892011807691237e+01   1.8058313272383824e+01   1.9443972059748173e+01   2.0445599736155231e+01   2.5364308112218581e+01   1.4243719830947123e+01   3.3991567338790347e+01   2.4105617826095109e+01   1.0558381041244477e+01   4.4182275374849795e+01   3.4315662504834251e+01   1.1081732490741597e+01  -2.2286669885357684e+00   3.7325883204886594e+01   1.5440431743845163e+01   1.8172727573053887e+01   2.2642293529569070e+01  -1.0923582061339339e+00   1.6721937896384631e+01   2.5561802551645965e+00   1.9711449235648331e+01  -2.8510970970237492e+00   4.0707007859220724e+01   1.3669305386489707e+01   2.8239193458903287e+01   1.2916680059756761e+01   1.5939390463230691e+01   2.1043931754934487e+01   1.4702638747482116e+01   1.0843389588591743e+01  -6.8670952767819360e+00   5.7261934681859081e+00
   3.1476459101632901e+01   1.5529537273490909e+01   2.5087435969105950e+01   3.7569380870318639e+01   2.2542882053508613e+01   2.2012501679289350e+01   2.6081019222866097e+01   2.1656424410526057e+01   2.0820507399380794e+01   1.0564690937925057e+01   1.4221123137413542e+01   2.0840958599807635e+01   3.4832626633056975e+01   8.6883939785241715e+00   2.0373004782777144e+01   1.0808786575828295e+01   7.1927536579923146e-01   2.4892011807691237e+01   2.0106150845085915e+02   2.0271694875766567e+01   4.3058977215357231e+01   3.5501000622458747e+01   3.9637309905211090e+01   2.0019940124646734e+01   8.9675983860735649e+00   3.9500273001327130e+01   3.0801404468635550e+01   3.1999980129066792e+01   1.8552493706245095e+01   1.9516777997690497e+01   1.6215639618228074e+01   1.2752745546146333e+01   2.7490296034848658e+01   3.7893927529164657e+01   1.8367316497279162e+01  -3.3433633722072482e+00   1.3835260938545101e+01   2.4207982359637054e+01  -4.2681613385024653e-01   4.2969585535302869e+01   1.5683078997987852e+01   4.4697514772904698e+00   1.8401517374303452e+01   1.8325310493032919e+01   1.0190749056221279e+01   3.3723622987778263e+01   1.3953518790297274e+01   3.1479832487496878e+01   1.7817827187360102e+01   3.9617809180794680e+01
   1.1420309198341419e+01  -2.0622485618936959e+00   1.4578496773647576e+01   5.4491188098376613e+00  -9.9485287982813464e-01   1.9411444616974819e+01   1.0257615507958551e+01   6.6032217157624959e+00   2.4294186257329493e+01   2.5357833093945025e+01   2.6054770105649073e+01   1.2807702384398521e+01  -6.7744455588235475e-01   1.7270010836215171e+01   1.1252537366374161e+01   7.5272247711901326e+00   1.9227093594629121e+01   1.8058313272383824e+01   2.0271694875766567e+01   1.7599629108288829e+02   1.3425992013488475e+01   8.9716182734676959e+00   1.0003054751701601e+01   1.9492986447758213e+01   4.4217691831868265e+01   3.2125520603040449e+01   1.3698207243884436e+01   2.8231019580611964e+01   1.9619046380506358e+01   2.6508183762360929e+01   3.0545975756113862e+01   3.1357165369670120e+01   3.0708624430470564e+01   4.3631790915832504e+01   3.9089388398904902e+01   2.2256773405097245e+01   2.1200848711461784e+01   2.5482216860511993e+01   1.3610090591799167e+01  -2.3940149376994189e+00  -4.2351647955009550e+00   2.3479495732091099e+01   6.3183300695625597e+00  -7.1242340453375377e+00   4.5776485420214868e+01   1.2623453698707955e+01   2.2305486164035464e+01   1.8379724467433604e+01   4.6379163689667195e+01   2.1032995861170633e+01
   1.6965019760099963e+01   7.0649090693965020e+00   2.1556416517801051e+01   1.1903102920959686e+01   4.4940770960676346e+00  -4.6448372815679022e+00   2.7887262907421132e+01   1.0574810113789701e+01   2.5380482148987618e+01   8.7404914383258507e+00   1.1878083177181921e+01   2.7253011202532075e+01   2.8160651304556495e+01   2.9634056802955783e+01   4.2507743343658433e+01   9.3547401520516829e+00   3.2691932514595024e+01   1.9443972059748173e+01   4.3058977215357231e+01   1.3425992013488475e+01   2.2416589145627913e+02   2.0985589266117742e+01   2.7432486376636611e+01  -3.7037752577192116e+00   2.0261938188383574e+01   2.8401242489725050e+01   3.0150817522571103e+01   3.6539923051243449e+01   8.1101472694029724e+00   1.7227468043953905e+01   3.3869680727859382e+01   1.9861259430025385e+01   1.5401585183439158e+01   1.0183018705739393e+01   1.2054951379665704e+01   8.5800123954231058e+00   2.7436233373325230e+01   1.8197411930350242e+01   1.1856003027089130e+01   1.8841823691079906e+01   2.0411201323967507e+01   2.9065756208695699e+01   3.0732337208289035e+01   1.4391412204658387e+01   3.8081719295304865e+01  -3.6502601668353387e+00   3.0062135476602400e+01   1.9063498236906806e+01   3.5041768909117742e+01   6.9197393145140600e+00
   1.1703611148282215e+01   3.9949397410129642e+01   1.8239658482158021e+01   2.4363628952571993e+01   3.1348983021679288e+01   1.1790082217089834e+01   2.7471292918486153e+01   1.6237124563323690e+01   1.9173866511622592e+01   3.1759685956374248e+01   6.7358290222619335e+00   5.7503389147450630e+00  -8.0836593971907789e-02  -5.8857502063921530e-01   4.4033139468626153e+01   1.0249774290964309e+01   1.0231213574131486e+01   2.0445599736155231e+01   3.5501000622458747e+01   8.9716182734676959e+00   2.0985589266117742e+01   2.2678129890921167e+02   3.2750244953289958e+01   1.0265800426715721e+00   1.7419457722513030e+01   2.2165140277003317e+01   2.5685740480087620e+01   1.9652526452739483e+01   2.6467598513126621e+01   2.7204779339991887e+01   2.2516921666657769e+01   3.5564137788335422e+01   4.2044020769074288e+00   1.0455281077083617e+01   3.4499332478251532e+01   8.8751457392112556e+00   8.1600139905620281e+00   4.5177562822534732e+01   2.4863694740644554e+01   6.4026651063727300e+00   1.3616973648592838e+01   9.3565317243663628e+00   1.6996139345085261e+01   2.3196765870044125e+01   2.3916485336932535e+01   3.0226109605237411e+01   2.9200572160498755e+01   2.5486159514283624e+01   2.7123760064223628e+01   2.4030521066163985e+01
   3.2779603783877889e+01   2.0780652303777728e+01   5.8004342638452160e+00   2.0334709144773083e+01   1.8183592946683689e+01   1.0860184420172109e+01   3.8517901388288884e+01   4.1495491924474052e+01   6.4560570414375489e+00   1.6027860671849037e+01   1.7225883414985113e+01   1.0086407934931467e+01   9.7147939449189984e+00   3.1066776666046568e+01   1.4260457882056278e+01   1.2177175532720067e+01   4.5358194127494770e+01   2.5364308112218581e+01   3.9637309905211090e+01   1.0003054751701601e+01   2.7432486376636611e+01   3.2750244953289958e+01   1.8580285567776156e+02   2.1112441266145261e+01   4.5058445753790664e+01   2.7089272155539618e+01   3.2637160031357865e+01   2.2482175321974516e+01   3.8504286980954760e+01   1.3855301674290770e+01   2.6836809666139885e+01   2.7572133681818300e+01   2.4662345659685990e+01   1.8556864365593952e+01   3.2328180611301214e+01   2.1962551209964680e+01   2.1151637559551638e+01   1.9371554471069324e+01   1.0229471919245809e+01   3.1621244007132855e+01   8.1038005979960008e+00   2.4688783244245602e+01   3.7932207497304148e+01  -8.5109942812596984e-02   3.7829482816012970e+01   3.9455510787225307e+01   3.8248004137490696e+01   4.1406224276209883e+01   6.3460084824416647e+00  -7.8708250607185768e+00
   2.4277808754776631e+00   1.4245721932358933e+01   5.2719957435690761e+00   2.4056139085524180e+01   3.9885525814162278e+01   1.2243714358629191e+01   2.1370547564757871e+01   2.0922331898846959e+01   2.0607993369383237e+01   2.4141765857888668e+01   5.7772753286047065e+00  -2.8209350245851716e-01   1.1242954205599691e+01   2.1522749733050759e+01   1.5595403361243919e+01   2.5462996945199968e+01   4.7874269369136231e+00   1.4243719830947123e+01   2.0019940124646734e+01   1.9492986447758213e+01  -3.7037752577192116e+00   1.0265800426715721e+00   2.1112441266145261e+01   1.8121034785728895e+02   2.1991332467994624e+01   3.1057362405458203e+01   3.6575114964876249e+01   2.0623446542543078e+01   3.3059084033266821e+01   3.1641158842029125e+01   4.6451110616318925e+00   3.2214889526752160e+01   2.6344546426952391e+01   1.8445179095911342e+01   2.6732119672144314e+01   1.3341242118556215e+01  -5.2327188189989471e-01   1.6519933800919251e+01   3.1034496957930205e+01   1.5666475474581203e+01   2.1764556552019787e+01   2.3545486887944193e+01   6.7107942803951959e-01  -2.0378953512266902e+00   8.2352177272570408e+00   9.1872143032707481e+00   5.7329841372707753e+00   4.6696373502298258e+01   1.3263708296706751e+00   1.3510966826792556e+01
   1.0474786693166003e+01   3.2822836021725166e+01   4.0113657855454974e+01   8.3755699372758308e+00   3.7114287948166805e+01  -8.0592288256927720e+00   1.2228378254640777e+01   1.8272402346681581e+01   2.6542712860956566e+01   2.4360089504102476e+01   3.0902776102933675e+01   2.1632140140647216e+01   4.1425358827523084e+01   3.0974938634088019e+01  -3.1735813826251813e+00   2.0993273059894250e+01   2.5438546586362150e+01   3.3991567338790347e+01   8.9675983860735649e+00   4.4217691831868265e+01   2.0261938188383574e+01   1.7419457722513030e+01   4.5058445753790664e+01   2.1991332467994624e+01   2.2503267161657118e+02   1.7250455638476375e+01   6.2398053877980235e+00   1.8948506838136865e+01   3.5752689069112776e+01   4.1940757283651571e+01   1.5648813383774542e+01   1.8677543752184540e+01   1.7336047062964425e+01   1.9593718742319169e+01   3.3707019353444835e+01   2.4006121964894653e+01   4.4755444389694134e+01   2.0196917245171655e+01   3.0009761118349424e+01   3.9549731029780091e+01   1.0716549776577104e+01   2.9322489195146652e+01   1.1099992480438342e+01   1.9394263443189455e+01   3.7314649909534474e+01   2.1996031219730696e+00   5.7643982798641620e+00   1.4705338050276751e+01   4.2430802233733559e+01   3.9302194748994999e+01
   1.9001210481242627e+01   4.4073278994761608e+01   4.3288533256059665e+01  -2.3009981810288238e-01   1.9523557428184773e+01   1.6964804446479921e+01   1.3685749477004709e+01   2.5565687362767683e+01   1.7148372013063117e+01   2.8095227491287186e+01   3.7167140017116587e+01   4.7190704876620275e+00   2.9631739948331294e+01   1.9526189887342792e+01   3.7775634900985622e+01   2.1582593535433922e+01   3.9699419679777442e+01   2.4105617826095109e+01   3.9500273001327130e+01   3.2125520603040449e+01   2.8401242489725050e+01   2.2165140277003317e+01   2.7089272155539618e+01   3.1057362405458203e+01   1.7250455638476375e+01   2.1823941221025217e+02   2.4606034816697075e+01   5.6648701664341283e+00   1.7752474746531600e+01   2.8876030326335290e+01   6.3861401890861202e+00   2.2776915314890246e+01   2.0344460830273320e+01   1.5307220592325798e+01   3.9234064691190021e+01   2.1202035200164161e+01   7.8323792837042454e+00   3.5852226907297243e+01   2.2039568788078242e+01   1.1012973125201810e+01   2.7200557916652610e+01   3.0388142920817280e+01   1.5263185907385461e+01   1.4905849314861491e+01   3.3633403521216849e+01   5.5844250950935219e+00   1.8888057095482417e+01   2.2449280944021432e+01   2.2897090863539582e+01   2.2403583899804254e+01
   3.1602727231781458e+01   3.2933643702943208e+01   3.1309011089422640e+01   1.9549411572109644e+01   3.1924930256524011e+01   2.5124960728336809e+01   6.8496051629200316e+00   3.5670630043097432e+01   2.6455205422646051e+00   2.0337411972405818e+01   2.2319228257935752e+01   1.7641759207959758e+01   1.3546237606196740e+01   2.7093477612370233e+01   2.3418392824911713e+01   2.8593941206379412e+01   1.6014517655741791e+01   1.0558381041244477e+01   3.0801404468635550e+01   1.3698207243884436e+01   3.0150817522571103e+01   2.5685740480087620e+01   3.2637160031357865e+01   3.6575114964876249e+01   6.2398053877980235e+00   2.4606034816697075e+01   2.2215763492996058e+02   1.8244884167768070e+01   1.4186314772043591e+00   2.0796878177358941e+01   1.6193107893584951e+01   1.1223361754399670e+01   2.7135205208001800e+01  -1.4412208761623138e+00   2.0039546666225828e+01   1.7756541899451989e+01   1.6933883377548160e+01   2.1089265293567173e+01   5.4331768013530528e+00   3.2771478186782844e+01  -9.6910177413503895e-01   1.2993766576359480e+01   2.1583605952226264e+01   2.4136386552602026e+01   3.5257600013824444e+01   1.6946245537624158e+01  -5.6337741636553265e+00   1.1142816777304091e+01   3.8275138028042427e+01   3.1342525384505098e+01
   4.1611906149112698e+01   1.5675062300927117e+01   9.2035987289087089e+00   3.7019243907563961e+01   3.2470736833841073e+01   1.8795267254700715e+01   4.9224066280031904e+00   2.4069161813534222e+01   1.2535948023990809e+01   2.7835027064983972e+01   2.3242624190121148e+01   1.2817693595713514e+01   1.6340060138637341e+01   4.5776088716243578e+01   1.5561019166826911e+01   2.7528333756184210e+01   2.4821476467556856e+01   4.4182275374849795e+01   3.1999980129066792e+01   2.8231019580611964e+01   3.6539923051243449e+01   1.9652526452739483e+01   2.2482175321974516e+01   2.0623446542543078e+01   1.8948506838136865e+01   5.6648701664341283e+00   1.8244884167768070e+01   1.7770310809206987e+02  -7.1030136560204049e-01   2.3885437259150386e+01   4.6056773811842334e+01   1.7841920553058465e+01   1.0588153292865226e+01   1.7558053337062312e+01   3.2203222188477497e+01   3.3630327767094911e+01   1.4890379478302245e+01   1.2335584211307106e+01   1.2258223866958286e+01   4.6648310474224090e+01  -2.2740386385660516e+00   1.7276762825963441e+01   3.1735603020295873e+00   1.8697634696672552e+00   2.1325676606337634e+01   2.2230398184344761e+01   3.6376107297983047e+01   3.4680215521070409e+01   2.0892844822748152e+01   3.7149184750030514e+01
   7.6024440252658785e+00   1.9036484116299999e+01   4.2864193014998868e+01   3.4506942301026307e+01   3.9189576740257095e+01   3.2841181161310558e+01   3.1372916592955903e+01   7.0654519149654682e+00   3.4428309856255005e+01   1.1249051270556468e+01   1.9471408699094496e+01   4.6031850570938602e+01   2.7307490747821213e+01   5.1000339711709053e+00   3.3748795974344191e+01   2.5528715467958875e+01   1.4620986504674434e+01   3.4315662504834251e+01   1.8552493706245095e+01   1.9619046380506358e+01   8.1101472694029724e+00   2.6467598513126621e+01   3.8504286980954760e+01   3.3059084033266821e+01   3.5752689069112776e+01   1.7752474746531600e+01   1.4186314772043591e+00  -7.1030136560204049e-01   2.1725751744600021e+02   6.0979006236665239e+00   7.9591292120758927e+00   1.7050085833128875e+01   2.3813964785452349e+01   2.7303847232070144e+01   7.8550732406674753e+00   3.7607149421987387e+01   1.0654017223180077e+00   1.0315404619818747e+01   1.8343083496616373e+01   3.6792810028640957e+01   2.5631079084754639e+01   2.9372056406653190e+01   1.5064481796203568e+01   2.6207806319907348e+01   1.2842455944007163e+01   1.9121216464774534e+01   2.1022899388899642e+01   3.6038350882158710e+01   2.0299114339873498e+01   1.2573258475541188e+01
  -1.0294666015228593e-01   1.9096401557649891e+01   9.8054136104762328e+00  -5.1817859236166797e-01   1.7328652882302059e+01   3.5417165764939014e+01   1.9814308495363512e+01   1.8797802274182970e+01   3.2331386184337404e+01   3.3682756528244990e+00   3.0441794515788619e+01   4.9216247195199037e+00   2.2003313439840557e+01   3.9442835680656856e+01   3.2347321937736022e+00   1.4792460468455900e+01   3.1546379497416162e+01   1.1081732490741597e+01   1.9516777997690497e+01   2.6508183762360929e+01   1.7227468043953905e+01   2.7204779339991887e+01   1.3855301674290770e+01   3.1641158842029125e+01   4.1940757283651571e+01   2.8876030326335290e+01   2.0796878177358941e+01   2.3885437259150386e+01   6.0979006236665239e+00   1.8436955393339605e+02   1.8072761726926341e+01   1.7878328900065274e+01   2.9582024351454848e+01   3.5651953839660337e+01   2.2395885836795447e+01   1.6870325446054579e+01   3.3555352024217584e+01   3.3215015520824501e+01   6.4971492787580321e+00  -3.9670241189194133e+00   2.6838934110552799e+01   2.0027402273072060e+01   1.0889192106389121e+01  -5.2308354050984205e+00   4.1727084877016978e+01   4.9610536727353010e+00   3.2526518285621023e+01   1.7843923438249035e+01   4.8765343763117301e+01   2.3940016497987706e+01
   3.5541188351103798e+01  -3.8553331977421745e+00   3.2693136489582670e+01   2.1411201760705943e+01   4.0646950382898183e+01   9.1005516563333799e+00   8.8812891773179672e+00   2.3229736435803702e+01   2.6645176054283624e+01   9.6242244391431271e+00   1.3720106909762485e+01   4.0027005549844375e+01   8.9365225258793473e+00   9.8686684014384838e+00  -3.8319739724462911e+00   3.6991091023730327e+00   8.8408306853319907e+00  -2.2286669885357684e+00   1.6215639618228074e+01   3.0545975756113862e+01   3.3869680727859382e+01   2.2516921666657769e+01   2.6836809666139885e+01   4.6451110616318925e+00   1.5648813383774542e+01   6.3861401890861202e+00   1.6193107893584951e+01   4.6056773811842334e+01   7.9591292120758927e+00   1.8072761726926341e+01   1.9958604712394296e+02   1.4658082555074632e+00   1.2547405727208613e+01   8.8801674714540706e+00   8.6023057944349670e+00   9.2825927521594096e+00   2.7262174454789623e+01   3.1945967050471168e+01   3.5258256036799921e+01   2.0997066697211455e+01   2.9719829181110839e+01   2.2836207063461288e+01  -1.5582025449822803e+00   2.5895241346624495e+01   2.2659547260348440e+01   2.5933995947296150e+01   2.1154717060475310e+01   1.9846256352456571e+01   2.4253381628460787e+01   3.3889641338332410e+01
