   1.3584687040509300e+02   1.0297528743249078e+01   0.0000000000000000e+00   0.0000000000000000e+00  -2.7879813563627813e+00   1.7504982869743127e+01   0.0000000000000000e+00   0.0000000000000000e+00   0.0000000000000000e+00  -3.8438829971727015e+00   0.0000000000000000e+00   9.0766921849305184e+00   0.0000000000000000e+00   0.0000000000000000e+00   1.8939496627567930e+01   0.0000000000000000e+00   0.0000000000000000e+00   1.7325825972081873e+01   5.2782346305663843e+00   4.1721623969912343e+01   0.0000000000000000e+00   0.0000000000000000e+00   1.6814301543842735e+01   0.0000000000000000e+00   0.0000000000000000e+00   2.0802409242268460e-01   0.0000000000000000e+00  -2.3265622263254082e+00   0.0000000000000000e+00   9.2632669255060485e+00   0.0000000000000000e+00   1.4220463207749805e+01   1.8929428332585047e+01   0.0000000000000000e+00   5.5903967771174266e+00   0.0000000000000000e+00   0.0000000000000000e+00   1.3973422953935827e+01   1.9814956901659237e+01   1.8656108047160128e+01   7.7482970124813093e+00   0.0000000000000000e+00   0.0000000000000000e+00   0.0000000000000000e+00   0.0000000000000000e+00   4.0580649775066124e+00  -1.1143018304505503e-01   0.0000000000000000e+00   0.0000000000000000e+00   0.0000000000000000e+00
   1.0297528743249078e+01   9.2053668789336299e+01   0.0000000000000000e+00   1.7718245028850298e+01   0.0000000000000000e+00   0.0000000000000000e+00   1.7513058432030100e+01   0.0000000000000000e+00  -6.2349091039098425e-01   1.3474163040481628e+01   0.0000000000000000e+00  -9.8501322600602439e+00   1.2186410303255933e+01   0.0000000000000000e+00   0.0000000000000000e+00   1.8748007401813069e+00   0.0000000000000000e+00   0.0000000000000000e+00   1.6640243227139031e+00   0.0000000000000000e+00   0.0000000000000000e+00  -2.0751497879437348e+00   0.0000000000000000e+00   0.0000000000000000e+00   0.0000000000000000e+00   4.6831280055927369e+00   7.1658970245843889e-02   1.5600047778837357e+01   0.0000000000000000e+00   0.0000000000000000e+00   0.0000000000000000e+00   0.0000000000000000e+00   0.0000000000000000e+00  -7.5528675882268637e+00   1.7426214524914421e+01   2.8127192909451875e+00   1.8376711082563862e+01   0.0000000000000000e+00   0.0000000000000000e+00   1.1949822017730650e+01   0.0000000000000000e+00   0.0000000000000000e+00  -4.8898817318564616e+00   2.7417176597311943e+01   6.4661065250475502e+00   1.5123349299215327e+01   0.0000000000000000e+00   0.0000000000000000e+00  -9.7372474432896183e-01  -4.3792196377134731e+00
   0.0000000000000000e+00   0.0000000000000000e+00   1.3163748341146444e+02   0.0000000000000000e+00   0.0000000000000000e+00   0.0000000000000000e+00  -7.7457229212398993e+00  -7.4886560009916376e+00   0.0000000000000000e+00   0.0000000000000000e+00   0.0000000000000000e+00   0.0000000000000000e+00   5.2804890899843677e+00   0.0000000000000000e+00   0.0000000000000000e+00   8.7382437351979121e+00   0.0000000000000000e+00   0.0000000000000000e+00   0.0000000000000000e+00  -5.1928169941792222e+00   1.3886616679107497e+00   6.0715626469032777e+00   0.0000000000000000e+00   9.6529817447274588e+00   0.0000000000000000e+00   0.0000000000000000e+00   1.3421760763339893e+01   1.7795747367369792e+01  -6.2140600267616017e+00  -1.3133932130886663e+00   0.0000000000000000e+00   0.0000000000000000e+00   0.0000000000000000e+00  -7.3307926591151231e+00   1.2668252243883916e+01   0.0000000000000000e+00   0.0000000000000000e+00   0.0000000000000000e+00   0.0000000000000000e+00  -4.1811851070347021e+00   3.8781067801774824e+01  -8.8746728365199541e+00   0.0000000000000000e+00   0.0000000000000000e+00   2.4966990691395068e+01   0.0000000000000000e+00  -2.4886246873875297e+00   0.0000000000000000e+00   0.0000000000000000e+00  -3.9076854769480915e+00
   0.0000000000000000e+00   1.7718245028850298e+01   0.0000000000000000e+00   1.7719576631965845e+02   0.0000000000000000e+00   1.5863539103037485e+01   0.0000000000000000e+00   1.0283601843964636e+00   0.0000000000000000e+00   4.4551465785433635e+00   0.0000000000000000e+00  -8.7299102305103524e+00   0.0000000000000000e+00   0.0000000000000000e+00   0.0000000000000000e+00   0.0000000000000000e+00   0.0000000000000000e+00   1.9826155029245864e+01   0.0000000000000000e+00   0.0000000000000000e+00   0.0000000000000000e+00   0.0000000000000000e+00   0.0000000000000000e+00   0.0000000000000000e+00  -8.7207021810692176e+00   0.0000000000000000e+00   0.0000000000000000e+00   0.0000000000000000e+00   0.0000000000000000e+00   0.0000000000000000e+00   1.3597094012265497e+01   3.2993861276469900e+00   0.0000000000000000e+00   0.0000000000000000e+00   9.2394290610577450e+00   1.2136064003917738e+01   0.0000000000000000e+00   1.6081581395344070e+01   0.0000000000000000e+00   0.0000000000000000e+00  -6.6381884791487344e-01   0.0000000000000000e+00  -6.3463116388174434e-01   0.0000000000000000e+00   0.0000000000000000e+00   2.5979157390249341e+00   4.1937318408080930e+00   0.0000000000000000e+00  -6.0669565691202347e+00  -8.5982632935224999e+00
  -2.7879813563627813e+00   0.0000000000000000e+00   0.0000000000000000e+00   0.0000000000000000e+00   1.0503235031577607e+02   2.9143539821473190e+01   0.0000000000000000e+00   0.0000000000000000e+00   8.7272207676180642e+00   0.0000000000000000e+00   0.0000000000000000e+00   0.0000000000000000e+00   1.5657866088828818e+01  -6.4492619975208063e+00   1.5532441804640335e+01   7.0318305594651349e+00  -4.0027968687597095e+00   0.0000000000000000e+00   7.1216001968357574e+00   1.9085326811502888e+01   0.0000000000000000e+00   5.4739676847522265e+00   7.1144348532492145e+00   1.1680518326247821e+01   0.0000000000000000e+00   0.0000000000000000e+00   0.0000000000000000e+00   0.0000000000000000e+00   0.0000000000000000e+00   0.0000000000000000e+00   8.9542916837934037e+00   4.9773959973970623e+00   0.0000000000000000e+00   0.0000000000000000e+00   6.2048688631064692e+00   8.6346375085873355e+00  -5.8600878262349907e+00   2.2673012641760977e+00  -2.5839305469242833e+00   0.0000000000000000e+00   0.0000000000000000e+00   0.0000000000000000e+00  -8.5338516886861875e+00   1.9640943341972378e+01   0.0000000000000000e+00   0.0000000000000000e+00   0.0000000000000000e+00   0.0000000000000000e+00   1.7606179472252862e+01   5.9686777856290689e+00
   1.7504982869743127e+01   0.0000000000000000e+00   0.0000000000000000e+00   1.5863539103037485e+01   2.9143539821473190e+01   1.3829326955047358e+02   1.5515555357437567e+01   0.0000000000000000e+00   0.0000000000000000e+00   3.7844385255694348e+00   0.0000000000000000e+00   0.0000000000000000e+00   8.8922308125936915e+00   1.5433368273752158e+01   0.0000000000000000e+00   0.0000000000000000e+00  -7.8050043216091760e+00   1.2864620817380612e+01   0.0000000000000000e+00   1.6439153607960986e+01   0.0000000000000000e+00   1.5261546965741363e+01   5.0234416158448703e-01   0.0000000000000000e+00  -8.9583064800442518e+00   0.0000000000000000e+00   0.0000000000000000e+00   0.0000000000000000e+00   1.8445168454388593e+01   1.4046939231661838e+01   4.1437255561875475e-01   1.9857627774666408e+01   1.5502256660411430e+01   1.2933193709483223e+01   0.0000000000000000e+00   0.0000000000000000e+00   1.2689006157872605e+01   0.0000000000000000e+00   1.9886002418382255e+01   0.0000000000000000e+00   0.0000000000000000e+00   0.0000000000000000e+00   0.0000000000000000e+00   0.0000000000000000e+00   0.0000000000000000e+00   0.0000000000000000e+00   1.2382949375533244e+01   0.0000000000000000e+00   0.0000000000000000e+00  -9.1630741366273192e+00
   0.0000000000000000e+00   1.7513058432030100e+01  -7.7457229212398993e+00   0.0000000000000000e+00   0.0000000000000000e+00   1.5515555357437567e+01   1.4604024577397610e+02   0.0000000000000000e+00  -4.3192998711416877e+00   0.0000000000000000e+00   0.0000000000000000e+00  -7.5193771435617407e-01   1.6432083651356582e+01   0.0000000000000000e+00   0.0000000000000000e+00   0.0000000000000000e+00   0.0000000000000000e+00   0.0000000000000000e+00   0.0000000000000000e+00   0.0000000000000000e+00   1.5043524592363330e+01   0.0000000000000000e+00  -3.7024324234636943e+00   1.3353889180607450e+01  -5.8781419855882175e+00   0.0000000000000000e+00   0.0000000000000000e+00   2.5871943591039816e+01   0.0000000000000000e+00   0.0000000000000000e+00   1.4651062689363481e+01   0.0000000000000000e+00   0.0000000000000000e+00   1.6149832706277948e+01   0.0000000000000000e+00   4.6697289377304436e+00   0.0000000000000000e+00   6.7303123258065867e-01   2.2794293853361509e+01   9.7841875965324974e+00   1.1791452538842123e+01   0.0000000000000000e+00   0.0000000000000000e+00   0.0000000000000000e+00   0.0000000000000000e+00   0.0000000000000000e+00  -6.8876261654592366e+00   8.3257356360016743e-01   0.0000000000000000e+00   0.0000000000000000e+00
   0.0000000000000000e+00   0.0000000000000000e+00  -7.4886560009916376e+00   1.0283601843964636e+00   0.0000000000000000e+00   0.0000000000000000e+00   0.0000000000000000e+00   1.3072429628235636e+02   0.0000000000000000e+00   1.7295479741372198e+01  -9.0206903148180793e+00   1.3048377599788616e+01   0.0000000000000000e+00   0.0000000000000000e+00   0.0000000000000000e+00   0.0000000000000000e+00   0.0000000000000000e+00   8.3654055375970344e+00  -1.5562123037783486e+00   0.0000000000000000e+00   8.9883171376405215e+00  -9.1910061071290805e-01   0.0000000000000000e+00   0.0000000000000000e+00   1.0943399432216140e+01   0.0000000000000000e+00   5.6769404047464356e-01   0.0000000000000000e+00   1.1298317021018530e+01   1.2821192496458909e+01   0.0000000000000000e+00   9.7336609594110790e+00  -6.6303430189049184e+00   0.0000000000000000e+00   0.0000000000000000e+00   1.5193369880373098e+01   0.0000000000000000e+00   1.2392313431863208e+01   1.4215516112102222e+01  -4.1990048921063359e+00   0.0000000000000000e+00   0.0000000000000000e+00   0.0000000000000000e+00   5.5728038192448519e+00   0.0000000000000000e+00   0.0000000000000000e+00   0.0000000000000000e+00   1.9380984044307091e+01   0.0000000000000000e+00   0.0000000000000000e+00
   0.0000000000000000e+00  -6.2349091039098425e-01   0.0000000000000000e+00   0.0000000000000000e+00   8.7272207676180642e+00   0.0000000000000000e+00  -4.3192998711416877e+00   0.0000000000000000e+00   1.5825954498472905e+02   0.0000000000000000e+00   0.0000000000000000e+00   0.0000000000000000e+00   2.3346020124578875e+00  -1.2814406561640581e+00   2.5851904920310851e+01   1.1918157378303345e+01   0.0000000000000000e+00   1.1287396512661452e+01   2.0864835430990844e+01   9.3482211454220803e+00   0.0000000000000000e+00   2.1532789433192342e+01   0.0000000000000000e+00  -8.7070142798684493e+00   1.4849812452609413e+01  -3.5233878093667768e+00   0.0000000000000000e+00   0.0000000000000000e+00   0.0000000000000000e+00   0.0000000000000000e+00   0.0000000000000000e+00   8.9812929208780616e+00   0.0000000000000000e+00   0.0000000000000000e+00  -4.0737870323603893e+00   0.0000000000000000e+00   0.0000000000000000e+00   1.7089614825255346e+01   5.6349591993693515e-01   1.3089656662929549e+01   1.3524982246706259e+00   0.0000000000000000e+00   0.0000000000000000e+00   0.0000000000000000e+00   0.0000000000000000e+00   0.0000000000000000e+00   0.0000000000000000e+00   1.8783960663362446e+01   2.5954591631020243e+00   0.0000000000000000e+00
  -3.8438829971727015e+00   1.3474163040481628e+01   0.0000000000000000e+00   4.4551465785433635e+00   0.0000000000000000e+00   3.7844385255694348e+00   0.0000000000000000e+00   1.7295479741372198e+01   0.0000000000000000e+00   1.0874175701596204e+02   0.0000000000000000e+00   0.0000000000000000e+00   1.3149938574248040e+01   0.0000000000000000e+00  -2.0444779956647663e+00   2.4091255529632143e+00  -4.4538612193495899e+00   0.0000000000000000e+00   0.0000000000000000e+00   1.0597209489129476e+01   1.8812323128995370e+01   0.0000000000000000e+00   1.6928160870920440e+01   0.0000000000000000e+00  -6.2545101865253994e+00   1.8732143009964602e+01   0.0000000000000000e+00   9.8762883657263139e+00   0.0000000000000000e+00   0.0000000000000000e+00   0.0000000000000000e+00   0.0000000000000000e+00   0.0000000000000000e+00   5.5144795425375399e+00   1.1320032878031434e+01   1.7305332072255425e+01   6.9425803307229685e+00   3.4375503213292387e+00  -8.9614171895490742e+00  -1.1498049727882460e+00   9.6098396845011855e+00   0.0000000000000000e+00  -5.6265956206950030e-01   0.0000000000000000e+00   4.0055268827393835e+00  -5.9132955748443869e+00   2.0415862959832918e+00   1.5858995407429681e+01   0.0000000000000000e+00   0.0000000000000000e+00
   0.0000000000000000e+00   0.0000000000000000e+00   0.0000000000000000e+00   0.0000000000000000e+00   0.0000000000000000e+00   0.0000000000000000e+00   0.0000000000000000e+00  -9.0206903148180793e+00   0.0000000000000000e+00   0.0000000000000000e+00   9.2389683355897375e+01   0.0000000000000000e+00  -5.7285232248740181e+00   1.2782962829188456e+01   0.0000000000000000e+00   0.0000000000000000e+00   1.8352932580247611e+01   0.0000000000000000e+00   0.0000000000000000e+00   1.0954322087687970e+01   0.0000000000000000e+00   5.1137448509385379e+00  -8.8807685066231556e-01   0.0000000000000000e+00   2.3677282954006369e+00   1.1634629643893216e+01   0.0000000000000000e+00  -5.8801209092768012e+00   0.0000000000000000e+00   0.0000000000000000e+00   8.6032551109573561e+00   0.0000000000000000e+00   1.8291956901730259e+01   0.0000000000000000e+00   2.0854884855074278e+00   0.0000000000000000e+00   0.0000000000000000e+00   0.0000000000000000e+00  -3.0606791780957625e+00   2.0046563392778324e+01   1.8144513336753441e+01   1.5964454630437526e+01   0.0000000000000000e+00   1.5667104214102910e+01   5.1650701512780977e+00   0.0000000000000000e+00   0.0000000000000000e+00   0.0000000000000000e+00   0.0000000000000000e+00   0.0000000000000000e+00
   9.0766921849305184e+00  -9.8501322600602439e+00   0.0000000000000000e+00  -8.7299102305103524e+00   0.0000000000000000e+00   0.0000000000000000e+00  -7.5193771435617407e-01   1.3048377599788616e+01   0.0000000000000000e+00   0.0000000000000000e+00   0.0000000000000000e+00   1.3662490476039849e+02   0.0000000000000000e+00  -1.2924209325901810e+00   0.0000000000000000e+00   2.6181152942005198e+01   0.0000000000000000e+00   0.0000000000000000e+00   3.6807701187158610e+00   0.0000000000000000e+00   0.0000000000000000e+00   1.7103782621091003e+01  -4.4075742982981039e+00   0.0000000000000000e+00   0.0000000000000000e+00   0.0000000000000000e+00   0.0000000000000000e+00   0.0000000000000000e+00  -5.3847217267310743e+00   0.0000000000000000e+00   0.0000000000000000e+00   0.0000000000000000e+00   0.0000000000000000e+00   7.1409927171891283e+00   2.6293977958049730e-01   0.0000000000000000e+00   0.0000000000000000e+00   0.0000000000000000e+00   0.0000000000000000e+00   1.7507033714520919e+01   0.0000000000000000e+00   9.7652300887679999e+00   8.3550058739150295e+00   0.0000000000000000e+00   0.0000000000000000e+00   0.0000000000000000e+00   0.0000000000000000e+00   7.2114305365447962e-01  -4.6814638769509607e+00   1.0370344948385956e+01
   0.0000000000000000e+00   1.2186410303255933e+01   5.2804890899843677e+00   0.0000000000000000e+00   1.5657866088828818e+01   8.8922308125936915e+00   1.6432083651356582e+01   0.0000000000000000e+00   2.3346020124578875e+00   1.3149938574248040e+01  -5.7285232248740181e+00   0.0000000000000000e+00   1.2313584974337198e+02   1.9331242039180641e+01   0.0000000000000000e+00   0.0000000000000000e+00   2.2502976648956057e+01   0.0000000000000000e+00   1.3651935892392601e+01   6.8797707811862594e+00   1.0149990009999996e+01  -6.5653743236346838e+00   0.0000000000000000e+00   1.4630052819855724e+01   0.0000000000000000e+00  -1.4139918998668790e+00   0.0000000000000000e+00   1.1418637165576065e+01   1.9694443820484736e+01   4.7510378740490040e+00   0.0000000000000000e+00  -1.8609162321663639e+00   4.5649713379970279e+01   0.0000000000000000e+00   0.0000000000000000e+00   0.0000000000000000e+00   0.0000000000000000e+00   0.0000000000000000e+00   0.0000000000000000e+00   0.0000000000000000e+00   1.1044273481785392e+01  -6.1196026517650992e-01   0.0000000000000000e+00   2.1724379503795639e+00   1.8976948790998954e+01   0.0000000000000000e+00   0.0000000000000000e+00   1.0482216983152398e+01  -9.9165833031330504e+00   1.5459244836746613e+01
   0.0000000000000000e+00   0.0000000000000000e+00   0.0000000000000000e+00   0.0000000000000000e+00  -6.4492619975208063e+00   1.5433368273752158e+01   0.0000000000000000e+00   0.0000000000000000e+00  -1.2814406561640581e+00   0.0000000000000000e+00   1.2782962829188456e+01  -1.2924209325901810e+00   1.9331242039180641e+01   1.0092027973487545e+02   0.0000000000000000e+00   1.1382994497036712e+01  -3.1333477207062419e+00   1.9220429662854055e+01   1.2888331303988146e+01   0.0000000000000000e+00   0.0000000000000000e+00   5.4051060128582016e+00   0.0000000000000000e+00   1.9101611940998641e+01   0.0000000000000000e+00  -2.3113188695824496e+00   2.8867086249089908e+00   7.4727914002781404e-01   0.0000000000000000e+00  -1.8273008328157285e+00   0.0000000000000000e+00   0.0000000000000000e+00   4.9954750383268713e+00   4.4354710728912945e+00   0.0000000000000000e+00   0.0000000000000000e+00   0.0000000000000000e+00   0.0000000000000000e+00   0.0000000000000000e+00   1.3099938815658682e+01   0.0000000000000000e+00   7.9438382437606698e+00   2.5714819233319091e+00   7.0623029265118724e+00   0.0000000000000000e+00   0.0000000000000000e+00   0.0000000000000000e+00  -5.7880402324460327e+00   1.2300598606888240e+00  -6.3139001056858755e+00
   1.8939496627567930e+01   0.0000000000000000e+00   0.0000000000000000e+00   0.0000000000000000e+00   1.5532441804640335e+01   0.0000000000000000e+00   0.0000000000000000e+00   0.0000000000000000e+00   2.5851904920310851e+01  -2.0444779956647663e+00   0.0000000000000000e+00   0.0000000000000000e+00   0.0000000000000000e+00   0.0000000000000000e+00   1.0487153653148967e+02   0.0000000000000000e+00   1.9023738402153867e+01   1.6891028457719784e+01   0.0000000000000000e+00   0.0000000000000000e+00  -8.6880302491347940e+00   0.0000000000000000e+00   0.0000000000000000e+00   0.0000000000000000e+00   1.8429376352918588e+01   0.0000000000000000e+00   0.0000000000000000e+00   0.0000000000000000e+00   1.0002891774940160e+01   0.0000000000000000e+00   0.0000000000000000e+00   0.0000000000000000e+00   0.0000000000000000e+00   0.0000000000000000e+00   0.0000000000000000e+00   3.9803272393265487e+00   0.0000000000000000e+00   0.0000000000000000e+00  -4.0007906995643818e+00   1.3539090598562698e+01   0.0000000000000000e+00   0.0000000000000000e+00   1.5444146143869975e+01   0.0000000000000000e+00   0.0000000000000000e+00   2.1298320265602534e+01   1.1543571865217359e+01  -2.7243327068967353e+00  -5.6469892131462291e+00   0.0000000000000000e+00
   0.0000000000000000e+00   1.8748007401813069e+00   8.7382437351979121e+00   0.0000000000000000e+00   7.0318305594651349e+00   0.0000000000000000e+00   0.0000000000000000e+00   0.0000000000000000e+00   1.1918157378303345e+01   2.4091255529632143e+00   0.0000000000000000e+00   2.6181152942005198e+01   0.0000000000000000e+00   1.1382994497036712e+01   0.0000000000000000e+00   1.2922640063151718e+02   0.0000000000000000e+00   0.0000000000000000e+00   9.0714016129658575e+00   0.0000000000000000e+00   1.2357359870285503e+01   0.0000000000000000e+00   1.8055006828257333e+01   7.5524779691173194e+00   1.6567100295870102e+01   1.6202065730632260e+01   0.0000000000000000e+00   8.7152762845975396e+00   1.2186968441246560e+01   0.0000000000000000e+00   0.0000000000000000e+00   1.6932531950442538e+01   0.0000000000000000e+00   0.0000000000000000e+00   0.0000000000000000e+00   0.0000000000000000e+00   8.0267695062621520e+00   3.5657780876341931e+01   7.2610309776379154e+00   0.0000000000000000e+00   1.3026587565949399e+01   0.0000000000000000e+00   7.1059399219127677e+00   0.0000000000000000e+00   0.0000000000000000e+00   0.0000000000000000e+00   0.0000000000000000e+00   0.0000000000000000e+00   2.6478637888756651e+01   0.0000000000000000e+00
   0.0000000000000000e+00   0.0000000000000000e+00   0.0000000000000000e+00   0.0000000000000000e+00  -4.0027968687597095e+00  -7.8050043216091760e+00   0.0000000000000000e+00   0.0000000000000000e+00   0.0000000000000000e+00  -4.4538612193495899e+00   1.8352932580247611e+01   0.0000000000000000e+00   2.2502976648956057e+01  -3.1333477207062419e+00   1.9023738402153867e+01   0.0000000000000000e+00   9.5565321736028480e+01   0.0000000000000000e+00   1.8011659001233113e+01   0.0000000000000000e+00   0.0000000000000000e+00   9.2220521090272811e+00   1.1683165974118012e+01   1.7734884763801766e+00   0.0000000000000000e+00   0.0000000000000000e+00   5.8759356680805421e+00   8.1786553122548824e+00   7.2142320226567875e+00   0.0000000000000000e+00   0.0000000000000000e+00   3.8730135009238236e+00   0.0000000000000000e+00  -7.3423026415403383e+00   0.0000000000000000e+00   0.0000000000000000e+00   0.0000000000000000e+00   7.7882622214773605e+00   0.0000000000000000e+00   0.0000000000000000e+00   0.0000000000000000e+00   4.9862557588430523e+00   0.0000000000000000e+00   0.0000000000000000e+00   7.4431784578234250e-01   1.6321914793238992e+01   0.0000000000000000e+00   0.0000000000000000e+00   0.0000000000000000e+00   0.0000000000000000e+00
   1.7325825972081873e+01   0.0000000000000000e+00   0.0000000000000000e+00   1.9826155029245864e+01   0.0000000000000000e+00   1.2864620817380612e+01   0.0000000000000000e+00   8.3654055375970344e+00   1.1287396512661452e+01   0.0000000000000000e+00   0.0000000000000000e+00   0.0000000000000000e+00   0.0000000000000000e+00   1.9220429662854055e+01   1.6891028457719784e+01   0.0000000000000000e+00   0.0000000000000000e+00   9.8380695279975185e+01   0.0000000000000000e+00   1.8100253137056988e+01   0.0000000000000000e+00   4.7240018221868318e+01   0.0000000000000000e+00   1.2092966233517060e+01   0.0000000000000000e+00   0.0000000000000000e+00   0.0000000000000000e+00   3.2402312437611975e+00   5.0177229720900325e+00   0.0000000000000000e+00   0.0000000000000000e+00   1.5679975950968295e+01   0.0000000000000000e+00   1.9045445676211010e+01  -4.0377523154401089e+00  -5.9752226440564948e+00   0.0000000000000000e+00   1.3867810493773749e+01   0.0000000000000000e+00  -2.3210956869202839e+00  -4.1720810828107915e+00  -7.2581290925453557e+00  -2.8743052843883978e+00   2.7998232516035770e+00   6.0062879454125557e+00   1.4850159959817169e+01   9.8447891511515273e+00   0.0000000000000000e+00   0.0000000000000000e+00  -3.4632052265866022e+00
   5.2782346305663843e+00   1.6640243227139031e+00   0.0000000000000000e+00   0.0000000000000000e+00   7.1216001968357574e+00   0.0000000000000000e+00   0.0000000000000000e+00  -1.5562123037783486e+00   2.0864835430990844e+01   0.0000000000000000e+00   0.0000000000000000e+00   3.6807701187158610e+00   1.3651935892392601e+01   1.2888331303988146e+01   0.0000000000000000e+00   9.0714016129658575e+00   1.8011659001233113e+01   0.0000000000000000e+00   9.7609726249937509e+01  -4.6626926397388324e+00   1.5397242470208987e+01   0.0000000000000000e+00   0.0000000000000000e+00  -4.7899887337965570e+00   0.0000000000000000e+00   1.0207969073938848e+01   0.0000000000000000e+00   1.8235475862565359e+01  -3.8661818150378817e+00   0.0000000000000000e+00   0.0000000000000000e+00   0.0000000000000000e+00  -5.7717753424976879e+00   6.5002217516949408e+00   0.0000000000000000e+00   0.0000000000000000e+00   4.2100033628636645e+01   0.0000000000000000e+00   0.0000000000000000e+00  -8.6171937788428146e+00   6.1786334720123577e+00   0.0000000000000000e+00   2.8181853606659573e+00   3.6708411727471329e+01   3.2551091114196041e+01  -5.4219036278077510e+00   1.9231583004072029e+01   0.0000000000000000e+00   0.0000000000000000e+00  -6.1245514783085326e+00
   4.1721623969912343e+01   0.0000000000000000e+00  -5.1928169941792222e+00   0.0000000000000000e+00   1.9085326811502888e+01   1.6439153607960986e+01   0.0000000000000000e+00   0.0000000000000000e+00   9.3482211454220803e+00   1.0597209489129476e+01   1.0954322087687970e+01   0.0000000000000000e+00   6.8797707811862594e+00   0.0000000000000000e+00   0.0000000000000000e+00   0.0000000000000000e+00   0.0000000000000000e+00   1.8100253137056988e+01  -4.6626926397388324e+00   1.0784036266836549e+02   9.3593271180483839e-01   0.0000000000000000e+00   0.0000000000000000e+00  -7.7523484257632527e+00   1.4441135438485350e+01   0.0000000000000000e+00   0.0000000000000000e+00   0.0000000000000000e+00   4.3092944746275617e+00   1.5729887707139618e+01   0.0000000000000000e+00  -4.4378727618996603e+00   0.0000000000000000e+00   8.6707844775499510e+00   5.4473786471356931e+00  -9.1318634671124101e+00   0.0000000000000000e+00   0.0000000000000000e+00   6.2554867829628726e+00   8.7437167989117270e-01   1.3407826988450893e+01   0.0000000000000000e+00   6.8817020039621539e+00   0.0000000000000000e+00   0.0000000000000000e+00   8.2403094558932040e+00   1.6054995671421757e+01   5.1251739853961169e+00   0.0000000000000000e+00   8.4732188896353549e+00
   0.0000000000000000e+00   0.0000000000000000e+00   1.3886616679107497e+00   0.0000000000000000e+00   0.0000000000000000e+00   0.0000000000000000e+00   1.5043524592363330e+01   8.9883171376405215e+00   0.0000000000000000e+00   1.8812323128995370e+01   0.0000000000000000e+00   0.0000000000000000e+00   1.0149990009999996e+01   0.0000000000000000e+00  -8.6880302491347940e+00   1.2357359870285503e+01   0.0000000000000000e+00   0.0000000000000000e+00   1.5397242470208987e+01   9.3593271180483839e-01   1.1256848250215690e+02   0.0000000000000000e+00   7.7869160625330700e+00   0.0000000000000000e+00   0.0000000000000000e+00   0.0000000000000000e+00   3.9633397984018135e+00   0.0000000000000000e+00   0.0000000000000000e+00   0.0000000000000000e+00   0.0000000000000000e+00   0.0000000000000000e+00   4.2413211045189705e+00   7.5641075201982488e-01   1.2989767341903907e+01   1.9842331993215478e+01   0.0000000000000000e+00   0.0000000000000000e+00   1.4152239575703369e+00   0.0000000000000000e+00   0.0000000000000000e+00   0.0000000000000000e+00   0.0000000000000000e+00   1.5412238373700568e+01   0.0000000000000000e+00  -4.1449482986384698e+00  -5.7831277413885118e-01   0.0000000000000000e+00   1.6202010343801245e+01   5.0701707008514258e+00
   0.0000000000000000e+00  -2.0751497879437348e+00   6.0715626469032777e+00   0.0000000000000000e+00   5.4739676847522265e+00   1.5261546965741363e+01   0.0000000000000000e+00  -9.1910061071290805e-01   2.1532789433192342e+01   0.0000000000000000e+00   5.1137448509385379e+00   1.7103782621091003e+01  -6.5653743236346838e+00   5.4051060128582016e+00   0.0000000000000000e+00   0.0000000000000000e+00   9.2220521090272811e+00   4.7240018221868318e+01   0.0000000000000000e+00   0.0000000000000000e+00   0.0000000000000000e+00   1.2645790540289590e+02   0.0000000000000000e+00   1.6141703083455113e+01   5.3674485942940144e+00   1.4372525872794562e+01   2.7068552495388204e+01  -9.2803384011698160e+00   0.0000000000000000e+00   0.0000000000000000e+00   0.0000000000000000e+00   1.4027305829327585e+01   2.7831831378557048e-01   4.5497119569138533e+00   1.8354320692285356e+01   2.6955339580511115e+00   2.9110198472496744e+00   0.0000000000000000e+00   0.0000000000000000e+00   0.0000000000000000e+00   0.0000000000000000e+00   0.0000000000000000e+00   0.0000000000000000e+00  -7.2176122469179376e+00   0.0000000000000000e+00   9.9132450075383360e-01   0.0000000000000000e+00   0.0000000000000000e+00   0.0000000000000000e+00   2.5982450152976355e+00
   1.6814301543842735e+01   0.0000000000000000e+00   0.0000000000000000e+00   0.0000000000000000e+00   7.1144348532492145e+00   5.0234416158448703e-01  -3.7024324234636943e+00   0.0000000000000000e+00   0.0000000000000000e+00   1.6928160870920440e+01  -8.8807685066231556e-01  -4.4075742982981039e+00   0.0000000000000000e+00   0.0000000000000000e+00   0.0000000000000000e+00   1.8055006828257333e+01   1.1683165974118012e+01   0.0000000000000000e+00   0.0000000000000000e+00   0.0000000000000000e+00   7.7869160625330700e+00   0.0000000000000000e+00   1.9482019574182800e+02   1.7517444865025126e+01   0.0000000000000000e+00  -3.0859155886758511e+00   1.5028172250560964e+01   1.2233299096734822e+01   0.0000000000000000e+00   0.0000000000000000e+00   0.0000000000000000e+00   4.6527771857584614e+00   0.0000000000000000e+00   1.4311929573409053e+01   0.0000000000000000e+00   0.0000000000000000e+00   0.0000000000000000e+00   0.0000000000000000e+00   1.3504036551842024e+01   9.6968713653700114e+00   0.0000000000000000e+00  -2.4510674797681151e+00  -2.9401151494772249e+00   9.2132835159605229e+00   0.0000000000000000e+00   0.0000000000000000e+00   0.0000000000000000e+00   0.0000000000000000e+00   0.0000000000000000e+00   0.0000000000000000e+00
   0.0000000000000000e+00   0.0000000000000000e+00   9.6529817447274588e+00   0.0000000000000000e+00   1.1680518326247821e+01   0.0000000000000000e+00   1.3353889180607450e+01   0.0000000000000000e+00  -8.7070142798684493e+00   0.0000000000000000e+00   0.0000000000000000e+00   0.0000000000000000e+00   1.4630052819855724e+01   1.9101611940998641e+01   0.0000000000000000e+00   7.5524779691173194e+00   1.7734884763801766e+00   1.2092966233517060e+01  -4.7899887337965570e+00  -7.7523484257632527e+00   0.0000000000000000e+00   1.6141703083455113e+01   1.7517444865025126e+01   1.0258650751982951e+02  -6.9240467941306925e+00   1.2114824816775528e+01   0.0000000000000000e+00   8.6483469862220375e+00  -3.8848974103618028e+00   0.0000000000000000e+00  -9.1086181579109713e+00   0.0000000000000000e+00  -1.2839128588640243e+00   0.0000000000000000e+00  -1.5473970781915956e+00   3.7915001207738683e+00   0.0000000000000000e+00   0.0000000000000000e+00   0.0000000000000000e+00   1.1894801285770964e+01   1.5293979801890831e+00   0.0000000000000000e+00   0.0000000000000000e+00   8.0568343827502105e+00   0.0000000000000000e+00   0.0000000000000000e+00   0.0000000000000000e+00   2.5627105863576787e+01   0.0000000000000000e+00   0.0000000000000000e+00
   0.0000000000000000e+00   0.0000000000000000e+00   0.0000000000000000e+00  -8.7207021810692176e+00   0.0000000000000000e+00  -8.9583064800442518e+00  -5.8781419855882175e+00   1.0943399432216140e+01   1.4849812452609413e+01  -6.2545101865253994e+00   2.3677282954006369e+00   0.0000000000000000e+00   0.0000000000000000e+00   0.0000000000000000e+00   1.8429376352918588e+01   1.6567100295870102e+01   0.0000000000000000e+00   0.0000000000000000e+00   0.0000000000000000e+00   1.4441135438485350e+01   0.0000000000000000e+00   5.3674485942940144e+00   0.0000000000000000e+00  -6.9240467941306925e+00   1.0396066002239783e+02   7.1588314404332465e+00   7.6389854975739055e+00   0.0000000000000000e+00   0.0000000000000000e+00   1.0860428459568734e+01   0.0000000000000000e+00   0.0000000000000000e+00  -1.5339052469011687e+00   0.0000000000000000e+00   0.0000000000000000e+00   1.6709444106341763e+01   0.0000000000000000e+00   0.0000000000000000e+00   4.4663656633089914e+00   0.0000000000000000e+00   0.0000000000000000e+00   0.0000000000000000e+00   1.1757387379857299e+01   4.5073294643696702e+00   1.9842572030285886e+01   2.6119091075978922e+00   1.3173961207373207e+01   0.0000000000000000e+00   0.0000000000000000e+00   0.0000000000000000e+00
   2.0802409242268460e-01   4.6831280055927369e+00   0.0000000000000000e+00   0.0000000000000000e+00   0.0000000000000000e+00   0.0000000000000000e+00   0.0000000000000000e+00   0.0000000000000000e+00  -3.5233878093667768e+00   1.8732143009964602e+01   1.1634629643893216e+01   0.0000000000000000e+00  -1.4139918998668790e+00  -2.3113188695824496e+00   0.0000000000000000e+00   1.6202065730632260e+01   0.0000000000000000e+00   0.0000000000000000e+00   1.0207969073938848e+01   0.0000000000000000e+00   0.0000000000000000e+00   1.4372525872794562e+01  -3.0859155886758511e+00   1.2114824816775528e+01   7.1588314404332465e+00   1.4427650972297809e+02   0.0000000000000000e+00   9.5416589784548975e+00   1.9079889997805072e+01   0.0000000000000000e+00   0.0000000000000000e+00   0.0000000000000000e+00   1.3043244339832153e+01   0.0000000000000000e+00  -1.4175116840135633e+00   0.0000000000000000e+00   0.0000000000000000e+00  -5.8684008909628318e+00   0.0000000000000000e+00   0.0000000000000000e+00   0.0000000000000000e+00   0.0000000000000000e+00   1.4596550212631580e+01   0.0000000000000000e+00   0.0000000000000000e+00   1.7798541770822968e+01   0.0000000000000000e+00   4.4425055181696784e+00   1.6868031736797288e+01   0.0000000000000000e+00
   0.0000000000000000e+00   7.1658970245843889e-02   1.3421760763339893e+01   0.0000000000000000e+00   0.0000000000000000e+00   0.0000000000000000e+00   0.0000000000000000e+00   5.6769404047464356e-01   0.0000000000000000e+00   0.0000000000000000e+00   0.0000000000000000e+00   0.0000000000000000e+00   0.0000000000000000e+00   2.8867086249089908e+00   0.0000000000000000e+00   0.0000000000000000e+00   5.8759356680805421e+00   0.0000000000000000e+00   0.0000000000000000e+00   0.0000000000000000e+00   3.9633397984018135e+00   2.7068552495388204e+01   1.5028172250560964e+01   0.0000000000000000e+00   7.6389854975739055e+00   0.0000000000000000e+00   1.1432892653230158e+02   0.0000000000000000e+00   0.0000000000000000e+00   0.0000000000000000e+00   0.0000000000000000e+00   1.9308672516364503e+01   1.4242406207655595e+01   0.0000000000000000e+00   0.0000000000000000e+00   0.0000000000000000e+00   2.6355149412294075e+01   0.0000000000000000e+00   0.0000000000000000e+00   1.2273624019229096e+01   1.1797356888359147e+01   0.0000000000000000e+00   0.0000000000000000e+00   0.0000000000000000e+00   0.0000000000000000e+00   0.0000000000000000e+00   0.0000000000000000e+00   0.0000000000000000e+00   0.0000000000000000e+00   0.0000000000000000e+00
  -2.3265622263254082e+00   1.5600047778837357e+01   1.7795747367369792e+01   0.0000000000000000e+00   0.0000000000000000e+00   0.0000000000000000e+00   2.5871943591039816e+01   0.0000000000000000e+00   0.0000000000000000e+00   9.8762883657263139e+00  -5.8801209092768012e+00   0.0000000000000000e+00   1.1418637165576065e+01   7.4727914002781404e-01   0.0000000000000000e+00   8.7152762845975396e+00   8.1786553122548824e+00   3.2402312437611975e+00   1.8235475862565359e+01   0.0000000000000000e+00   0.0000000000000000e+00  -9.2803384011698160e+00   1.2233299096734822e+01   8.6483469862220375e+00   0.0000000000000000e+00   9.5416589784548975e+00   0.0000000000000000e+00   1.0043962956116852e+02  -2.3929981560274802e+00   0.0000000000000000e+00   1.6124049231256073e+01   0.0000000000000000e+00   1.3340889730196903e+01   0.0000000000000000e+00   9.5160336917792243e+00  -5.8634265634652794e+00   2.0043265179126344e+00   1.5933486364665704e+01   6.4726897985940646e+00   0.0000000000000000e+00   0.0000000000000000e+00   1.7943287797436920e+01   1.3567623048828175e+01   0.0000000000000000e+00   0.0000000000000000e+00  -9.8904876085376028e+00   0.0000000000000000e+00   1.3570866619801752e+01   0.0000000000000000e+00   2.4095902809610532e+00
   0.0000000000000000e+00   0.0000000000000000e+00  -6.2140600267616017e+00   0.0000000000000000e+00   0.0000000000000000e+00   1.8445168454388593e+01   0.0000000000000000e+00   1.1298317021018530e+01   0.0000000000000000e+00   0.0000000000000000e+00   0.0000000000000000e+00  -5.3847217267310743e+00   1.9694443820484736e+01   0.0000000000000000e+00   1.0002891774940160e+01   1.2186968441246560e+01   7.2142320226567875e+00   5.0177229720900325e+00  -3.8661818150378817e+00   4.3092944746275617e+00   0.0000000000000000e+00   0.0000000000000000e+00   0.0000000000000000e+00  -3.8848974103618028e+00   0.0000000000000000e+00   1.9079889997805072e+01   0.0000000000000000e+00  -2.3929981560274802e+00   1.2940579944180536e+02   2.8860561548398511e+00   0.0000000000000000e+00   1.4643124131783978e+01   0.0000000000000000e+00   0.0000000000000000e+00   0.0000000000000000e+00   1.9135919666293862e+01   0.0000000000000000e+00   0.0000000000000000e+00   1.7629958145816783e+01   8.5134584448682631e+00  -4.5925031502840596e-01   2.9899317945808804e+01   0.0000000000000000e+00   1.0400881078798069e+01  -4.8239005262776011e+00   0.0000000000000000e+00   7.8451679519756112e+00   0.0000000000000000e+00   0.0000000000000000e+00   1.4506613310013027e+01
   9.2632669255060485e+00   0.0000000000000000e+00  -1.3133932130886663e+00   0.0000000000000000e+00   0.0000000000000000e+00   1.4046939231661838e+01   0.0000000000000000e+00   1.2821192496458909e+01   0.0000000000000000e+00   0.0000000000000000e+00   0.0000000000000000e+00   0.0000000000000000e+00   4.7510378740490040e+00  -1.8273008328157285e+00   0.0000000000000000e+00   0.0000000000000000e+00   0.0000000000000000e+00   0.0000000000000000e+00   0.0000000000000000e+00   1.5729887707139618e+01   0.0000000000000000e+00   0.0000000000000000e+00   0.0000000000000000e+00   0.0000000000000000e+00   1.0860428459568734e+01   0.0000000000000000e+00   0.0000000000000000e+00   0.0000000000000000e+00   2.8860561548398511e+00   1.1034281742417819e+02  -6.7090433080351710e+00   0.0000000000000000e+00   0.0000000000000000e+00   1.7092148132334891e+01   0.0000000000000000e+00   1.9725341562163877e+01   0.0000000000000000e+00   4.3926763401330167e+00   0.0000000000000000e+00   5.5713042110131674e+00   0.0000000000000000e+00   0.0000000000000000e+00   0.0000000000000000e+00   0.0000000000000000e+00   0.0000000000000000e+00  -4.2962677349076595e+00   0.0000000000000000e+00   0.0000000000000000e+00   0.0000000000000000e+00   1.3610138138048711e+01
   0.0000000000000000e+00   0.0000000000000000e+00   0.0000000000000000e+00   1.3597094012265497e+01   8.9542916837934037e+00   4.1437255561875475e-01   1.4651062689363481e+01   0.0000000000000000e+00   0.0000000000000000e+00   0.0000000000000000e+00   8.6032551109573561e+00   0.0000000000000000e+00   0.0000000000000000e+00   0.0000000000000000e+00   0.0000000000000000e+00   0.0000000000000000e+00   0.0000000000000000e+00   0.0000000000000000e+00   0.0000000000000000e+00   0.0000000000000000e+00   0.0000000000000000e+00   0.0000000000000000e+00   0.0000000000000000e+00  -9.1086181579109713e+00   0.0000000000000000e+00   0.0000000000000000e+00   0.0000000000000000e+00   1.6124049231256073e+01   0.0000000000000000e+00  -6.7090433080351710e+00   1.3732318703176105e+02   0.0000000000000000e+00   0.0000000000000000e+00  -9.6555004257122103e+00   0.0000000000000000e+00   0.0000000000000000e+00   0.0000000000000000e+00   0.0000000000000000e+00   1.9506234588031575e+00  -6.2612385451804613e+00   1.3495564947757718e+01   0.0000000000000000e+00   3.0015795545988723e+01   0.0000000000000000e+00  -9.0125574976344698e+00   0.0000000000000000e+00   0.0000000000000000e+00   1.5423365979263398e+01   0.0000000000000000e+00   0.0000000000000000e+00
