   1.9588042787148464e+02   2.7001148919413453e+01   2.7924541584989694e+01   1.7735583368959293e+01   3.6662538845232390e+01   2.6588099578977346e+01   1.4200825844745649e+01   3.9354295295473150e+01   4.6897143300014399e+01   1.4816303733222044e+01   1.3231096531124138e+01   2.0557653684074324e+01   2.2208749844024560e+01   6.1216429197574582e+00   2.8719971601511105e+01   4.1291432888715448e+01   4.4590707800946721e+00   3.2530486021986519e+01   1.4591705341302642e+01   3.1802994544980436e+01   8.8894785889085242e+00  -1.8772761328312857e+00   8.7060444148835217e+00   8.9300083308188274e+00   3.1904270677188670e+01   2.3611318895715872e+01   1.1358742156459320e+01   2.0976587786979135e+01   1.4152411943323195e+01   9.7723681067132215e+00   2.1165962240383397e+01   4.8929259110362038e+00   8.7449237793922254e+00   1.9383333936958529e+01  -5.2941959928344229e-01   2.6510810599552705e+01   1.7665644645551577e+00   3.0111296261111711e+01   1.1154005162185513e+01   4.3946569124877257e+01   3.5086494317764661e+01   2.5729505886029176e+00   5.9336021046711753e+00   2.5319631973877183e+01   3.2151337017402824e+01   1.4254573789821094e+01  -3.4145308995684367e+00   1.0319081201023348e+01   4.1798015277594303e+01   3.1235488653526575e+00
   2.7001148919413453e+01   1.7902195843959524e+02   4.6015583709054283e+01   2.2184785369402974e+01   3.3577955040133965e+01   4.9159349003090735e-01   2.1119864000529340e+01   1.2045948796645053e+01   8.6331703797983028e+00   2.5151772596921816e+01   4.1914195746457082e+01   4.3134600549117359e+01   3.6337477597583941e+01   2.2484928935796749e+01   2.0595040001074373e+01  -2.5767113878671184e+00   1.9022089750082415e+01   2.6755066728713924e+01   2.5276058842330606e+01   1.6478555577810582e+01   1.6338699877662847e+01   2.6857772360066463e+01   2.5654302150124423e+01   4.0021782876416360e+01   3.7978471312747757e+01   3.5398833424175606e+01   1.9953528158240999e+01   2.0501917169190776e+01   1.8506315212932186e+01   2.9569246961176951e+01   1.1947871249508278e+01   2.3138419840186870e+01   2.3891538982658091e+01   4.5784068667520472e+01   8.1881096809004177e+00   1.6240656178035884e+01   4.3037182340007895e+01   1.9396432395705318e+01   3.0085809660502264e+01   9.1749476908040251e+00   1.1293951389559330e+01   3.5313110620720494e+01   2.4900747473873245e+01   3.0679837128943976e+01   1.1014014743209952e+01   4.6766851955604132e+00   2.1499758464247932e+01   3.0949275452168713e+01   3.0032367793410426e+01   2.1949796546948086e+01
   2.7924541584989694e+01   4.6015583709054283e+01   2.0582675403261925e+02   9.6316906926448542e+00   3.5694316400573545e+00   3.7181747254935843e+01   2.9683238846086557e+01   1.3761065701440481e+01   2.5828374155120294e+01   2.4325435520298818e+01   2.8093635058101359e+01   1.7301132134494456e+01   3.1050354041996275e+00   1.5890117036740364e+01   3.7834699485212919e+00   2.0239294913541244e+01  -7.5033661909686966e-01   1.0742964062516430e+01   3.9393606736791078e+01   2.8003430511303272e+01   3.6387318321684006e+01   2.3001102456736163e+01   3.5908622511098251e+01   3.7739606790475179e+01   4.4232581017598022e+01   1.6137197542138683e+01   2.9005113583989562e+01   8.9209381355708786e+00   2.3717028806363750e+01   3.9184873299631718e+01   2.6543629139730580e+01   1.2576935196398107e+01   7.2451151114639636e+00   1.4761617355389744e+01   3.9490474939222736e+01   1.1068600778570438e+01   4.2692375778998439e+01  -3.2027259497443676e+00   4.1369484042944563e+01   3.6529098059378740e+01   2.0392590670727088e+01   3.4254990989106020e+01   1.7624481962164953e+01   1.9821730996871665e+00   2.1337657156203150e+01   3.2258779011999586e+01   3.3293899223659949e+01   3.4064026554830207e+01   1.7286819806021867e+01  -4.9364229315042296e+00
   1.7735583368959293e+01   2.2184785369402974e+01   9.6316906926448542e+00   2.0663238344815306e+02   9.8153371306940773e+00   2.0394605822034741e+01   1.2700115950524527e+01   2.5907531861993583e+01   2.7071211413094424e+01   1.1015238004484356e+01   2.4557206697521963e+01   5.5852956584585787e+00  -2.9884548945230831e+00   2.1834816032969592e+01   3.7805291899307761e+01   2.2775253308281066e+01   1.0787480628654471e+01   5.0783461985298421e+00   9.4485050174671574e+00   7.8234635574993812e+00   3.4535542490470448e+01   2.4592003029132201e+01   2.1187593993273914e+01   2.5823254029821836e+01   2.7933748285083084e+01   1.7004019845272886e+01   6.1934564186209800e+00   2.9281213727309233e+01   2.0339019222784806e+01   9.0367186584206607e+00   3.4433832783277666e+01   3.5756039525176632e+01   1.2465241185724203e+01   2.5536939982248409e+01   1.1749898859957918e+01   3.9167416351668749e+01   3.7406748799982417e+01   1.2241128464596709e+01   2.8547961480304366e+01  -3.4660544525583230e+00   3.5718626155300186e+01   2.4041570186515926e+01   2.0353887055520352e+00   5.4579919044902958e-01   3.2433621312368359e+01   2.8256752581263534e+01   2.8323333370288466e+01   3.4770370701030572e+01   1.9943495657610725e+01   2.2363582270133147e+01
   3.6662538845232390e+01   3.3577955040133965e+01   3.5694316400573545e+00   9.8153371306940773e+00   1.7582199564437144e+02   3.9514566573743110e+01   1.2126207105742894e+01   3.1365251908174869e+01   3.1600108863850544e+01   1.8004210859412321e+01   3.7924722972647821e+01   1.6005227733804297e+01   1.3903215670154800e+01   1.7269768512268676e+01   1.0417014974499654e+01   5.2129094544757848e+00  -3.4304919611078089e+00   1.0195425967716044e+01   7.5421933940735055e+00   1.1349329433943854e+01   2.0542500841604060e+01   3.3310302110200411e+01   3.3354189788878429e+01   3.9170539944548437e+01   1.0530511931133670e+01   1.5618841893382260e+01   1.0004414825148187e+01   2.4225063908099616e+00   3.1826401022317356e+01   5.2596992571062309e+00   4.0930862921691933e+01  -3.3311931417314535e+00   2.7012489151399468e+01   1.1044875861422808e+01   2.9506520920791750e+01   1.6987021329275557e+01  -5.1061930683519687e+00   1.1628512332082980e+01   2.4580681914703153e+01   1.6867491410025938e+01   2.9049027284225751e+01   3.0578551125639777e+00   3.2137433330671954e+01   5.6306001923159732e-01   2.4246934350880366e+01   7.9224143482271163e+00   3.0671109628559329e+01   9.5110176597017109e+00   3.1052319964828328e+01   1.6321132769359977e+01
   2.6588099578977346e+01   4.9159349003090735e-01   3.7181747254935843e+01   2.0394605822034741e+01   3.9514566573743110e+01   1.8412998831536484e+02   2.6796392481475657e+01   4.0435800116106236e+01   9.5696094052703593e+00   7.9948029116177581e+00   3.1603356287551641e+01   1.3095347921030168e+01   3.1772889065000342e+01   3.9115973221509343e+01   2.0518279731530832e+01  -1.2359232198245254e+00   1.4149067223077878e+01   3.5914176645925181e+01   4.0155703208241036e+01   8.4075589247175504e+00   9.9170302768946570e+00   1.3550941460619445e+01   1.6324014803064173e+01   1.4270542485585029e+01  -3.9118946059963999e+00   3.5518826281696136e+01  -3.2556641752429138e+00   2.2000177816411778e+01   3.5214235014588073e+00   1.2491849082850466e+01   1.9197114150522935e+01   2.4144590101118890e-01   3.6797691755244713e+01   7.7110008737589641e-01   8.5795362070898058e+00   1.0898565846419611e+01   3.6724075967637972e+01   3.6249863237580186e+01   2.2514042527089114e+01   2.8443577687230768e+01   3.6180125769859437e+01   1.3236214565049979e+01   4.0135310129614069e+01   8.1185954957167201e+00  -6.6429748446627501e+00   1.0649029387096503e+01   1.8174168853429716e+01   3.1135304088784640e+01   2.3696260322832288e+01   3.4886927082538321e+01
   1.4200825844745649e+01   2.1119864000529340e+01   2.9683238846086557e+01   1.2700115950524527e+01   1.2126207105742894e+01   2.6796392481475657e+01   1.6533703176694783e+02   6.3954260794019859e+00   1.2036158384381851e+01   3.1772763387327274e+01   8.5800198920408004e+00   4.3623966494838228e+01   3.2260468994833047e+01   3.5754712556966645e+01   2.8401125077957516e+01   2.1155636595112536e+01  -8.0729465215283778e+00   2.5068300871483604e+01   3.3550291945033280e+01   1.8216115719363074e+01   1.9660881937503593e+01   1.7929983693692272e+01   2.6424276544290191e+01   2.7521692183979766e+01   1.5607081423037467e+01   9.8879834251171594e+00   3.1910352945098069e+01   7.3566713634351526e+00   1.0186667344334841e+01   1.0428654796387942e+01   3.1820429410433757e+01   2.3496512630764830e+01   1.5821093720237572e+01   2.7993907921972610e+01   2.5133340488109273e+01   2.0433569499047593e+01   3.4022700103786889e+01   1.0072739766558405e+01   1.2234811734226323e+01   3.4951905163834326e+01   1.1387826364105536e+01   6.3063843178245964e+00   1.4945216026963436e+01   1.7884117874791706e+01   1.8887699992022121e+01   7.2725825309719587e+00   3.4692781035221685e+01   6.2977542007052758e+00   1.1249679955801678e+01  -8.9645905684184646e-01
   3.9354295295473150e+01   1.2045948796645053e+01   1.3761065701440481e+01   2.5907531861993583e+01   3.1365251908174869e+01   4.0435800116106236e+01   6.3954260794019859e+00   1.8754102761023313e+02   8.0325013033026238e+00   1.2038920399343301e+01   7.6645618663462560e+00   3.4670323306800377e+01   2.5421809564765553e+01   1.8669112355213613e+01   3.4081257753830911e+01   8.6752391046805748e+00   2.6547475324516491e+01   2.0474587165973716e+01  -2.4073017125436813e-01   9.4175055153905305e+00   2.0038134049591985e+01  -3.0013105245913123e+00   1.0433566848293065e+01   5.2642786614906862e+00   3.2488283969229400e+01   1.7999162271049528e+01   2.1748256679961500e+01   1.8235407381102739e+01   2.7531652412352614e+01   2.5621621165559723e+01  -1.4183949280769133e+00   1.2393138470030937e+01   6.2020144036125409e+00   1.9722988151127879e+01   2.7140569848975609e+01   2.8578678592807090e+00   2.7558655690869056e+01   1.5007128724250208e+01   1.3616806025280773e+01   1.6255297969938809e+01   1.6151681653419772e+01   1.9894189458447993e+01   3.4869365769134788e+01   1.0367108626534641e+01   3.8769395005363002e+01   1.8535786616326007e+01   1.5595763582621142e+01   2.2691044203031588e+01   3.1330612161519014e+01   4.1154286242365401e+01
   4.6897143300014399e+01   8.6331703797983028e+00   2.5828374155120294e+01   2.7071211413094424e+01   3.1600108863850544e+01   9.5696094052703593e+00   1.2036158384381851e+01   8.0325013033026238e+00   1.5677508297404006e+02   4.4328015086018681e+01   2.6352754997545848e+01   1.8073182431279992e+01   4.9516970527135857e+00   1.5777835074149960e+01   8.8877026921381717e+00   2.8719016295088192e+01   2.1536213247486110e+01   2.5072472013631966e+01   2.7254822903968936e+01   2.5864534315390930e+01   7.9884684801626005e+00   4.1405740560751511e+01   1.7352829644066176e+01   2.5595498701043162e+01   3.2237761002970686e+01   1.5722226022778985e+01   1.6303362286329481e+01   2.6781912386081583e+01   3.1809981278664129e+01   4.6730936378677242e+01   1.2321216898348496e+01   1.7230847206341124e+01   1.6522035852419023e+01   3.3864790238734386e+01   2.3404834241014647e+01   1.4308995902858122e+01   3.9808619298649390e+01   1.9108572982211463e+01   3.7097989437384129e+00   1.3904465882287273e+01   1.6083476870704864e+01   8.7942824485499536e+00   3.2424580911583682e+01   2.2055690313450246e+01   4.4698794416108782e+01   3.4040351945098895e+00   1.3253742031919051e+01   2.2370445724989210e+01   2.2115205533155674e+01   4.0260406088485581e+01
   1.4816303733222044e+01   2.5151772596921816e+01   2.4325435520298818e+01   1.1015238004484356e+01   1.8004210859412321e+01   7.9948029116177581e+00   3.1772763387327274e+01   1.2038920399343301e+01   4.4328015086018681e+01   2.1509171551977744e+02   8.7294509403064851e+00   9.4128019323265306e+00   3.5868868083817553e+01  -6.1406354746983984e+00   5.2990729146839310e+00   1.1139229638252049e+01   3.6374738916166663e+01   3.3229484957037258e+01   3.7843585345318807e+01   2.4308549755037816e+01  -2.6318682528119197e-02   9.8964001314534276e+00   2.2392472502247962e+01   1.0519975563997598e+01   2.8260473078354636e+01   7.3905006053231936e-01   3.0336390515489754e+01  -1.4462794045977212e+00   2.2696646626983135e+01   2.7663946799915966e+01   2.4794185535797659e+01   1.8381663678616228e+01   2.1777243267028311e+01   2.3998456412640401e+01   2.7235650671639515e+00   1.6120177057620131e+00   1.0795669791404361e+01   2.5626026845187230e+01   1.6528220873993384e+01   4.3524499117023616e+01   8.1927198685970417e+00   1.4426548796443626e+01   2.2379572113117536e+01   1.0239729806764093e+01   2.6905191196147115e+01   2.7489361730824491e+01   3.3515498944946476e-01   2.7924058382126688e+01  -6.3061170382232330e+00   1.6952948515916365e+01
   1.3231096531124138e+01   4.1914195746457082e+01   2.8093635058101359e+01   2.4557206697521963e+01   3.7924722972647821e+01   3.1603356287551641e+01   8.5800198920408004e+00   7.6645618663462560e+00   2.6352754997545848e+01   8.7294509403064851e+00   2.0419059619649423e+02   2.0659491528769017e+01   1.4707264559781496e+01   4.6856415954701916e+01   1.9984136075772671e+01   1.9074327147482219e+01   4.1114991606768903e+01   1.9526520698294242e+01   8.2738110912413934e+00   4.1052381084383597e+01   4.1138756095807054e+01   1.3994078610801363e+01   1.2121449185849082e+01  -2.1297210629821999e+00   1.4834538544011860e+01   2.3608334344850242e+01  -3.8637175794884193e+00   3.4964161369224300e+01   3.1036972746423654e+01   7.3808201538323699e+00   3.5929617400540479e+01   1.3241962431661642e+01   8.2386326999261748e+00   1.2008778171487984e+01   1.2107366011481721e+01   3.2257001586176472e+01   2.0235384497489534e+01   2.1756250595986941e+01   2.4577055674676870e+01   2.2671044432074803e+00   1.8726217039557490e+01   2.1588080640034889e+01   6.1986868396650214e+00   3.6304188216434568e+01   4.1404668402630023e+01   2.1159925532321250e+01   3.5998756698029055e+01   3.9505440149412534e+00   4.1873844636681994e+01   2.4835087171313042e+01
   2.0557653684074324e+01   4.3134600549117359e+01   1.7301132134494456e+01   5.5852956584585787e+00   1.6005227733804297e+01   1.3095347921030168e+01   4.3623966494838228e+01   3.4670323306800377e+01   1.8073182431279992e+01   9.4128019323265306e+00   2.0659491528769017e+01   1.8881031073839648e+02   3.9322423949259864e+01   3.6129601382036796e+01   6.9527418490836546e-01   2.9649826656441665e+00   1.4975681904219753e+01   2.1956604246837955e+01   1.1915852611408436e+01   1.0116053143970314e+01   4.8225784397711458e-01   2.0469648844666892e+01   1.3756529272688724e+01  -5.3408529381484104e-01   1.8437554598392168e+01   1.5035993806196799e+01   3.5345725616006729e+00   1.5684138238271283e+01  -1.5905859981186241e+00   2.1572288611482065e+01   1.9617727785356756e+01   2.2499971623666333e+01   1.7539418455819561e+01   1.1521181090065046e+01   3.8062251495193294e+01   2.2754445737292201e+01   1.7817972363450622e+01   1.3905563982587255e+01   1.8857548058577141e+01  -1.7162016860229223e+00   1.2828795055814812e+01   4.6442882683210186e+01   2.5902407247741436e+01   1.3172666813845067e+01   2.4790040059561402e+01   8.5060139379969506e+00   1.9788302221782686e+01   2.3314060466303584e+01   3.9231402699702445e+00   1.5581693165628829e+01
   2.2208749844024560e+01   3.6337477597583941e+01   3.1050354041996275e+00  -2.9884548945230831e+00   1.3903215670154800e+01   3.1772889065000342e+01   3.2260468994833047e+01   2.5421809564765553e+01   4.9516970527135857e+00   3.5868868083817553e+01   1.4707264559781496e+01   3.9322423949259864e+01   1.7262917887445829e+02   2.1289254907592500e+01   2.0281044027011664e+01   4.2670197349939890e+01   4.4893676468871135e+01   1.4659312503696109e+01   3.8227740941672963e+01   1.7176275380650893e+01   3.1417929493383980e+01   1.0657801585702961e+01   1.5212340461409324e+01  -3.3781611976129478e+00   1.1824789911131965e+01   3.3048763566543755e+01   2.5137002830039577e+01   1.3160488108390700e+01   2.7451226250354718e+01   3.2698427247747873e+01   3.3759502186090373e+01   1.8985859820192868e+01   1.2966471814977858e+01   1.7630327932932598e+01   8.0991619527286502e+00   1.7313359020715758e+01   1.9041887254441804e+01   2.0057522278535139e+01   1.6345171011909635e+01   2.6511733766381106e+01   3.2768141686008782e+01   2.3973441086225812e+01   1.0113194345434922e+01   1.5283010228751525e+01   2.6504150389650597e+01   1.4999733991401579e+01   1.6968972338875549e+01   3.2027489991573717e+01   4.1062385075532326e+00   4.2123400509068292e+00
   6.1216429197574582e+00   2.2484928935796749e+01   1.5890117036740364e+01   2.1834816032969592e+01   1.7269768512268676e+01   3.9115973221509343e+01   3.5754712556966645e+01   1.8669112355213613e+01   1.5777835074149960e+01  -6.1406354746983984e+00   4.6856415954701916e+01   3.6129601382036796e+01   2.1289254907592500e+01   1.8936456619887787e+02   2.5527471010531809e+01   3.0695334712339829e+01   3.3268807104738244e+01   3.6657084288578240e+01   2.0792840414167244e+01   7.9524109227320503e+00   3.0116810225578989e+00   3.0106528713582744e+01   9.9446965443425892e+00   2.4308929087935496e+01  -4.1641220229020082e-01   3.6786913055842462e+01   3.2256184511274029e+01   2.9957617031848699e+01   1.9276039998234378e+01   3.2423434153059787e+01   6.6040089374383557e+00   2.9350197806332915e+01   2.0768865347814454e+01   1.7112698877806757e+01   2.9301813740404071e+01   2.8975871481107021e+01   4.4271331068088202e+01   3.5951005244434874e+01   2.4732501204559128e+01   4.3104043536371265e+01   2.2501338468791495e+01   1.3092593931569876e+01   2.4879004982957813e+01   2.3588400823193123e+01   2.4861265806483946e+01  -1.7013994222793789e+00   9.8561513203373661e+00  -3.3237678743226828e+00   3.7907580604517548e+01   2.1634079225212506e+01
   2.8719971601511105e+01   2.0595040001074373e+01   3.7834699485212919e+00   3.7805291899307761e+01   1.0417014974499654e+01   2.0518279731530832e+01   2.8401125077957516e+01   3.4081257753830911e+01   8.8877026921381717e+00   5.2990729146839310e+00   1.9984136075772671e+01   6.9527418490836546e-01   2.0281044027011664e+01   2.5527471010531809e+01   1.6338107323855078e+02   3.3230511288903529e+01   1.1791272415770180e+01   4.3259633175329952e+01   2.0303186268726378e+01   6.5318277975022188e+00   2.1956031465255430e+00   3.0792024874060445e+01   3.0864825004407514e+01   2.8267317074274899e+01   4.2294513442189867e+01   1.3792764725259817e+01   1.3239377704127426e+01   2.2140627609430204e+01   9.9505666784493503e+00   2.2299646104746699e+01   4.4003265995468803e+00   2.7477896450626766e+01   3.4304808944264863e+01   1.1472526743759095e+01   2.2242998239367310e+01   3.6471366138177295e+01   1.9218417494063829e+01   2.0060668876498351e+01   1.1889800273520127e+01   8.3624819847689764e+00   2.3326079250137521e+01   1.0582217006906175e+01   2.1394355845802455e+01   1.1264437730256493e+01   9.1411467407833680e-01   2.0019632311150879e+01   8.4996136181281052e+00   3.0684779310259636e+01   1.8590635717701385e+01   4.2089806461901462e+00
   4.1291432888715448e+01  -2.5767113878671184e+00   2.0239294913541244e+01   2.2775253308281066e+01   5.2129094544757848e+00  -1.2359232198245254e+00   2.1155636595112536e+01   8.6752391046805748e+00   2.8719016295088192e+01   1.1139229638252049e+01   1.9074327147482219e+01   2.9649826656441665e+00   4.2670197349939890e+01   3.0695334712339829e+01   3.3230511288903529e+01   1.8857185961051732e+02   2.1249043291150809e+01   2.7290097355869428e+01   2.1167535513269321e+01   5.0113717738471131e+00   3.5778746684955664e+01   1.9009605522965721e+01   1.8445815403326186e+01   2.0908039317166388e+01   9.4118620656067993e+00   1.4225517731734683e+01   2.9235898060358966e+01   1.6566949443982139e+01   3.1872314458622192e+01   1.2465528108826060e+01  -6.7375701492151929e-01   2.0268128457937067e+01   3.8709335700903161e+01   4.7516089936688974e+00   1.6731342295375732e+01   2.3939741035802768e+01   1.0560738350306000e+01   2.1087435260682479e+01  -1.8813750616192362e+00   3.0030288071696429e+01  -1.4154333521019193e+00   2.6459063207809091e+01   2.9991438717262888e+01   2.4182551971901432e+01   4.4717092736356811e+01   2.4934360508592739e+01   3.0293467406471009e+01   3.5512375747368615e+01   3.2517780687066002e+00   3.1817889030937128e+01
   4.4590707800946721e+00   1.9022089750082415e+01  -7.5033661909686966e-01   1.0787480628654471e+01  -3.4304919611078089e+00   1.4149067223077878e+01  -8.0729465215283778e+00   2.6547475324516491e+01   2.1536213247486110e+01   3.6374738916166663e+01   4.1114991606768903e+01   1.4975681904219753e+01   4.4893676468871135e+01   3.3268807104738244e+01   1.1791272415770180e+01   2.1249043291150809e+01   1.6228767677827636e+02   2.5266036294074524e+01   3.6683454639126893e+01   1.9740496743370294e+01   1.6331480880352355e+01   3.7574236671496749e+01   3.3580958209468278e+01   3.3660430127084894e+01   1.1083625587272570e+01   1.8514658709555690e+01   1.9646954089335829e+01   1.2010635193504870e+01   1.8238319433197198e+01   2.3924969785013481e+01   3.1830178422123822e+01   1.5647507931304069e+01   1.9385439683863254e+01   2.9480067438351771e+01   1.5932767826226435e+01   3.6704625595217578e+01   4.8660853876961440e+01   7.6202165627396932e+00   2.0561526481987787e+01   2.4916058150724197e+01   1.9715006155763461e+01   1.6022243743334499e+01   1.0467072400201625e+01   4.8412573401876831e+00   6.1002867801393368e-01   3.4856537872642058e+01   2.5184521607707149e+00   7.9717061609149358e+00   2.2347997615173167e+01   2.2458035850514516e+01
   3.2530486021986519e+01   2.6755066728713924e+01   1.0742964062516430e+01   5.0783461985298421e+00   1.0195425967716044e+01   3.5914176645925181e+01   2.5068300871483604e+01   2.0474587165973716e+01   2.5072472013631966e+01   3.3229484957037258e+01   1.9526520698294242e+01   2.1956604246837955e+01   1.4659312503696109e+01   3.6657084288578240e+01   4.3259633175329952e+01   2.7290097355869428e+01   2.5266036294074524e+01   1.7363505914008095e+02   3.1428166569998854e+01   3.0993766158989423e+01   3.5731672864580176e+01   1.3115707386179778e+01   2.8354709968760261e+01   2.1327843786976747e+01   2.7064890872993331e+01   3.4254911137803539e+01   2.7510336895662181e+01   1.9096210688964305e+01   1.4522449858229965e+01   2.9143274585710390e+00  -5.7542304804506328e+00   2.2547171294843473e+01   2.0262941390074655e+01  -3.4706958787501598e+00   3.0380463936048152e+01   1.5987951384627094e+01   1.3782119371714597e+01   1.6359753932784212e+01   4.4381569101452598e+01   2.4605183357333477e+01   1.8428868622714244e+01  -3.1028624026818141e+00   1.5666328563527193e+01   7.3519822671136872e+00   2.2664527408193692e+01   4.2133379100789512e+01   1.3659824155144559e+01   2.3326788856426695e+01   4.0562130523402606e+00   2.4044240471398844e+01
   1.4591705341302642e+01   2.5276058842330606e+01   3.9393606736791078e+01   9.4485050174671574e+00   7.5421933940735055e+00   4.0155703208241036e+01   3.3550291945033280e+01  -2.4073017125436813e-01   2.7254822903968936e+01   3.7843585345318807e+01   8.2738110912413934e+00   1.1915852611408436e+01   3.8227740941672963e+01   2.0792840414167244e+01   2.0303186268726378e+01   2.1167535513269321e+01   3.6683454639126893e+01   3.1428166569998854e+01   1.8150964665429149e+02   1.0225095931129792e+01   2.5057031380974173e+01   1.6342902095947480e+01   3.2629524866235158e+01   3.2628037206406347e+01   3.4159499875159952e+01   3.6690044062376678e+01   2.5259138819750611e+01   3.6576233985326894e+01   6.6715974203526907e+00   4.6908143741667994e+00   8.8735153839109380e+00   3.3770806373552404e+01   3.2217315213675576e+01   2.9269311737450888e+01   2.4568574165820106e+01   2.3606071327496160e+01   1.0592081962340046e+01   3.4649853533367839e+01   1.7553664132178817e+01   2.9818279640270305e+01   2.2141209783995642e+01  -3.1128129616182103e+00   2.0024045340905289e+01   2.9773902753402300e+01   3.5719237331178256e+01   1.6871497878202526e+01   2.9797887601818545e+01   2.2976372420814752e+01   9.2307824778899548e+00   3.0445768765706207e+00
   3.1802994544980436e+01   1.6478555577810582e+01   2.8003430511303272e+01   7.8234635574993812e+00   1.1349329433943854e+01   8.4075589247175504e+00   1.8216115719363074e+01   9.4175055153905305e+00   2.5864534315390930e+01   2.4308549755037816e+01   4.1052381084383597e+01   1.0116053143970314e+01   1.7176275380650893e+01   7.9524109227320503e+00   6.5318277975022188e+00   5.0113717738471131e+00   1.9740496743370294e+01   3.0993766158989423e+01   1.0225095931129792e+01   2.1363927789953689e+02   3.0046258216558847e+01   4.0393970736706493e+00   8.8858563575867535e+00   4.0941782257886096e+01   2.3295769140183111e+01   2.3436258624532780e+01   4.2290872334337974e+00   1.6678150445720163e+01   3.3706776651160894e+01   2.5353414577011790e+01   1.1643454477203033e+01   5.5764422035076402e+00   2.3201350123351926e+01   3.2497234871839780e+01   4.5491404770046184e+00   3.3704667994833848e+01   3.8911926831745426e+01   1.6009220808786345e+01   3.8288434695608288e+01   3.9163963833416787e+01   1.9303886174375609e+01   2.0934720440902915e+01   1.9845620286722792e+01   7.1738261891360864e+00   6.0103487787506182e-03   2.3120537332082847e+01   1.5323339594230831e+01   1.1840256340520083e+00   2.3225151995461523e+01   1.6405872788614762e+01
   8.8894785889085242e+00   1.6338699877662847e+01   3.6387318321684006e+01   3.4535542490470448e+01   2.0542500841604060e+01   9.9170302768946570e+00   1.9660881937503593e+01   2.0038134049591985e+01   7.9884684801626005e+00  -2.6318682528119197e-02   4.1138756095807054e+01   4.8225784397711458e-01   3.1417929493383980e+01   3.0116810225578989e+00   2.1956031465255430e+00   3.5778746684955664e+01   1.6331480880352355e+01   3.5731672864580176e+01   2.5057031380974173e+01   3.0046258216558847e+01   1.6697669873102257e+02   4.7187935429133205e+01   2.0252119963713831e+01   2.7201762583257214e+01   2.5943060510585756e+01   3.4773940625805011e+01   4.1200731450485044e+00   1.7612993283240353e+01   2.5654554270232275e+01   3.0900427002655729e+01   4.3790840261341330e+01   4.0487134115625096e+01   1.7447160528049370e+01   2.5898446682120337e+01   1.5927707853553756e+01   9.8713485863996269e+00   1.3544044799835822e+01   2.2404028658108956e+01   5.4296591445706444e+00  -4.6778335205165611e-01   2.2905136838556409e+01   3.4624251118095808e+00   2.0964574932303556e+01   2.4720662286783643e+01   6.4644160660655876e+00  -5.8942751645045846e+00   4.5909354569120680e+01   3.1052603435602393e+01   1.8412436136854360e+01   1.8540327875727325e+01
  -1.8772761328312857e+00   2.6857772360066463e+01   2.3001102456736163e+01   2.4592003029132201e+01   3.3310302110200411e+01   1.3550941460619445e+01   1.7929983693692272e+01  -3.0013105245913123e+00   4.1405740560751511e+01   9.8964001314534276e+00   1.3994078610801363e+01   2.0469648844666892e+01   1.0657801585702961e+01   3.0106528713582744e+01   3.0792024874060445e+01   1.9009605522965721e+01   3.7574236671496749e+01   1.3115707386179778e+01   1.6342902095947480e+01   4.0393970736706493e+00   4.7187935429133205e+01   1.8817524649286472e+02   1.3318199852729546e+01   1.9883399196591576e+01   1.0916247682187814e+01   9.9606397326173237e+00   4.4067694648002139e+01   7.2612116577279995e-01   2.5253963539738169e+01   9.4886856707171123e+00   6.3451218671423959e-01   3.0020627196225693e+01   1.8479396080945723e+01   2.6439204879123881e+01   3.6973005669447332e+01   1.0718704670667503e+01   1.0608106139364136e+01   3.5756534702317403e+01   4.2504690436997265e+01   2.2020764550860292e+01   1.7011074029208963e+01   1.6784930027457396e+01   4.3084586672406658e+01   3.8331508726667394e+01  -5.7521361678608249e+00   2.8707562854642799e+01   2.2186201863001614e+01   3.8423647646522518e+01   3.9958192192930738e+01   8.5935318695122334e+00
   8.7060444148835217e+00   2.5654302150124423e+01   3.5908622511098251e+01   2.1187593993273914e+01   3.3354189788878429e+01   1.6324014803064173e+01   2.6424276544290191e+01   1.0433566848293065e+01   1.7352829644066176e+01   2.2392472502247962e+01   1.2121449185849082e+01   1.3756529272688724e+01   1.5212340461409324e+01   9.9446965443425892e+00   3.0864825004407514e+01   1.8445815403326186e+01   3.3580958209468278e+01   2.8354709968760261e+01   3.2629524866235158e+01   8.8858563575867535e+00   2.0252119963713831e+01   1.3318199852729546e+01   1.7338381390266136e+02  -4.3312984874801508e-01   2.0582682502592821e+01   1.6294313330715738e+01   2.7796134810677586e+01   2.8007623952606941e+01  -1.6313158791447737e+00   3.9325958863934126e+01   1.5270452243314761e+01   2.0953714941748416e+01   2.0060535720448961e+01   1.2137483849830719e+01   5.9190074598206266e+00  -1.7129623436814638e+00  -1.2152878628002282e+00   2.6765827068575650e+01   1.3647095298551520e+01   2.7409960178311543e+01   4.7003664171150206e+01   3.4434361839338777e+01   1.7904228392504919e+01   1.4202950695031735e+01   1.3817227790420167e+01   2.8777593597624733e+01  -9.5539442225412277e+00   7.4206379254061750e+00   1.3939932969025850e+01   2.5376749349195158e+01
   8.9300083308188274e+00   4.0021782876416360e+01   3.7739606790475179e+01   2.5823254029821836e+01   3.9170539944548437e+01   1.4270542485585029e+01   2.7521692183979766e+01   5.2642786614906862e+00   2.5595498701043162e+01   1.0519975563997598e+01  -2.1297210629821999e+00  -5.3408529381484104e-01  -3.3781611976129478e+00   2.4308929087935496e+01   2.8267317074274899e+01   2.0908039317166388e+01   3.3660430127084894e+01   2.1327843786976747e+01   3.2628037206406347e+01   4.0941782257886096e+01   2.7201762583257214e+01   1.9883399196591576e+01  -4.3312984874801508e-01   1.9283648762666405e+02   1.8924153234455542e+01   2.3713992802042313e+01   3.7037001684419479e+01   6.6562864839424529e+00   1.2102057747072827e+01   1.6101900522058337e+01   4.6961328031133664e+00   3.1819568856199343e+01   3.1048364949884618e+01   2.5017763386193760e+01   6.8527696870636703e+00   1.8785685415804952e+01   3.0723770419285160e+01   1.4351587079390228e+01   5.6848432866750738e+00   2.9343899211222917e+00   2.6225900659909414e+01   2.3844711781482317e+01   2.4891340116820629e+01   3.6508733681344310e+01   2.1695167835137774e+01   1.2521861161184852e+01  -2.2579116943742417e+00   1.9379194501180553e+01   2.2091423690345653e+01   2.0349980466295094e+01
   3.1904270677188670e+01   3.7978471312747757e+01   4.4232581017598022e+01   2.7933748285083084e+01   1.0530511931133670e+01  -3.9118946059963999e+00   1.5607081423037467e+01   3.2488283969229400e+01   3.2237761002970686e+01   2.8260473078354636e+01   1.4834538544011860e+01   1.8437554598392168e+01   1.1824789911131965e+01  -4.1641220229020082e-01   4.2294513442189867e+01   9.4118620656067993e+00   1.1083625587272570e+01   2.7064890872993331e+01   3.4159499875159952e+01   2.3295769140183111e+01   2.5943060510585756e+01   1.0916247682187814e+01   2.0582682502592821e+01   1.8924153234455542e+01   1.8885083166775470e+02   1.9292676629338978e+01   1.2584017044803890e+01   7.8895627918730611e+00   1.4257195078272705e+01   2.5313894110385942e+01   1.7419126282196054e+01   2.3546407908535173e+01   2.0119085067167529e+01   2.5056628887118734e+01   4.1198553643427289e+01   1.1443494328966327e+01   2.7597768061950525e+01   1.9838344864182428e+01   1.5046633105250038e+01   1.4568309264499502e+01   4.2106267333974941e+01   1.2935494907015311e+01   2.5136191670201271e+01   2.9519404694880638e+01   2.6027546438525206e+01   2.6968821099743252e+01   3.8065851856308043e+01   1.9688843841287362e+01   1.5008848574857620e+01   1.9130937409797362e+00
   2.3611318895715872e+01   3.5398833424175606e+01   1.6137197542138683e+01   1.7004019845272886e+01   1.5618841893382260e+01   3.5518826281696136e+01   9.8879834251171594e+00   1.7999162271049528e+01   1.5722226022778985e+01   7.3905006053231936e-01   2.3608334344850242e+01   1.5035993806196799e+01   3.3048763566543755e+01   3.6786913055842462e+01   1.3792764725259817e+01   1.4225517731734683e+01   1.8514658709555690e+01   3.4254911137803539e+01   3.6690044062376678e+01   2.3436258624532780e+01   3.4773940625805011e+01   9.9606397326173237e+00   1.6294313330715738e+01   2.3713992802042313e+01   1.9292676629338978e+01   2.1327654245388209e+02   4.4187246088936817e+01   3.0133486873018576e+01   3.6386131315987029e+01  -7.5967825552177537e-01   2.3273190627513841e+01   1.7230293897419429e+01   1.1077763121287411e+01   4.2958635288614929e+01   5.1612645008507245e+00   4.9307742788769335e+00   1.6823842885999817e+01   2.4807816926632825e+01   1.2087816063958307e+01   1.7225195603977681e+01   3.9274008696795512e+01   2.9415420865747926e+01   3.4683140857170134e+00   4.9547585979653235e+00   2.4692711540876132e+01   2.9493930966892236e+01   1.2934663263289723e+01   1.7556456027837907e+01   5.1980920989752279e+00   2.8648597583392945e+01
   1.1358742156459320e+01   1.9953528158240999e+01   2.9005113583989562e+01   6.1934564186209800e+00   1.0004414825148187e+01  -3.2556641752429138e+00   3.1910352945098069e+01   2.1748256679961500e+01   1.6303362286329481e+01   3.0336390515489754e+01  -3.8637175794884193e+00   3.5345725616006729e+00   2.5137002830039577e+01   3.2256184511274029e+01   1.3239377704127426e+01   2.9235898060358966e+01   1.9646954089335829e+01   2.7510336895662181e+01   2.5259138819750611e+01   4.2290872334337974e+00   4.1200731450485044e+00   4.4067694648002139e+01   2.7796134810677586e+01   3.7037001684419479e+01   1.2584017044803890e+01   4.4187246088936817e+01   1.8315176162806034e+02   7.2911994980983383e+00   1.8882329457502806e+01   1.9023721962621167e+01   2.2020887385014191e+01   2.4312535615624128e+01  -2.8167989046112529e-01   1.9500021436187254e+01   1.1489932011793549e+01   5.1772319040671668e+00   2.2189366915212517e+01   3.4842131753267893e+01   3.8116369904019066e+01   2.4272155258372454e+01   7.6858404229071411e+00   3.8089952610751936e+01   2.1156290809812965e+01   3.0487766944494389e+01   3.5824965683953806e+01   2.2181770618708001e+01   2.7548460468896046e+01   2.2526922704862589e+01   2.5347470037401099e+01   2.8301154320408468e+01
   2.0976587786979135e+01   2.0501917169190776e+01   8.9209381355708786e+00   2.9281213727309233e+01   2.4225063908099616e+00   2.2000177816411778e+01   7.3566713634351526e+00   1.8235407381102739e+01   2.6781912386081583e+01  -1.4462794045977212e+00   3.4964161369224300e+01   1.5684138238271283e+01   1.3160488108390700e+01   2.9957617031848699e+01   2.2140627609430204e+01   1.6566949443982139e+01   1.2010635193504870e+01   1.9096210688964305e+01   3.6576233985326894e+01   1.6678150445720163e+01   1.7612993283240353e+01   7.2612116577279995e-01   2.8007623952606941e+01   6.6562864839424529e+00   7.8895627918730611e+00   3.0133486873018576e+01   7.2911994980983383e+00   1.9825446838442966e+02   2.5673428858999319e+01   1.6434014167720541e+01   3.7586540939711641e+00   3.0313425473993966e+01   2.1241239871170475e+01   3.0145276395406949e+01   1.1487784472776898e+01   7.3259243090143897e+00   1.4314242344845418e-01   2.0113109775975690e+01   4.4186235148783510e+01   1.4831033010132071e+01   2.2402820380706430e+01   1.7266152374569192e+01   5.6871622672220035e+00   2.3937659334530331e+01   1.8363401633539659e+01  -5.4820734339503252e+00   3.6360806632944183e+01  -1.7347589200429443e+00   2.3293584117908182e+01   2.0182467688855308e+00
   1.4152411943323195e+01   1.8506315212932186e+01   2.3717028806363750e+01   2.0339019222784806e+01   3.1826401022317356e+01   3.5214235014588073e+00   1.0186667344334841e+01   2.7531652412352614e+01   3.1809981278664129e+01   2.2696646626983135e+01   3.1036972746423654e+01  -1.5905859981186241e+00   2.7451226250354718e+01   1.9276039998234378e+01   9.9505666784493503e+00   3.1872314458622192e+01   1.8238319433197198e+01   1.4522449858229965e+01   6.6715974203526907e+00   3.3706776651160894e+01   2.5654554270232275e+01   2.5253963539738169e+01  -1.6313158791447737e+00   1.2102057747072827e+01   1.4257195078272705e+01   3.6386131315987029e+01   1.8882329457502806e+01   2.5673428858999319e+01   1.8586260865014708e+02   2.9643613572605759e+01   2.7375077045848688e+01   1.4044528569581740e+01   3.2048649583138413e+01   2.2507847155819455e+01   2.6449149307709703e+01   1.0852525298369336e+01   2.6498119030582725e+01   3.3437316424530209e+01   1.0019005700931741e+01  -1.5330107220243980e+00   2.8314128791486848e+01   4.2366954619679888e+01   4.0164955725698135e+01   3.0632272221169000e+01   2.2573901957219793e+01   1.3077731827414173e+01   3.0956780790693855e+01   1.9094583337944833e+01  -3.8069670369731510e+00   3.9464457761464210e+01
   9.7723681067132215e+00   2.9569246961176951e+01   3.9184873299631718e+01   9.0367186584206607e+00   5.2596992571062309e+00   1.2491849082850466e+01   1.0428654796387942e+01   2.5621621165559723e+01   4.6730936378677242e+01   2.7663946799915966e+01   7.3808201538323699e+00   2.1572288611482065e+01   3.2698427247747873e+01   3.2423434153059787e+01   2.2299646104746699e+01   1.2465528108826060e+01   2.3924969785013481e+01   2.9143274585710390e+00   4.6908143741667994e+00   2.5353414577011790e+01   3.0900427002655729e+01   9.4886856707171123e+00   3.9325958863934126e+01   1.6101900522058337e+01   2.5313894110385942e+01  -7.5967825552177537e-01   1.9023721962621167e+01   1.6434014167720541e+01   2.9643613572605759e+01   1.9859740513493978e+02   8.4454873475089656e+00   7.1080706839838825e-01   2.1428245079336861e+01   4.0915973029677630e+01   2.8698667506527119e+01   4.2312874745835822e+00   2.7937467686681352e+01   8.5329608710890632e+00   1.2149829185605290e+01   2.4727865132461524e+01   4.2757776132052825e+01   2.3046111650966621e+00   2.0056540489430322e+01   4.2014075973596277e+01   2.3755026376791978e+01   8.3436854361336756e+00   2.4464658475805891e+01  -3.4026932568436923e+00   1.3333851787677855e+01   2.4075467859896762e+01
   2.1165962240383397e+01   1.1947871249508278e+01   2.6543629139730580e+01   3.4433832783277666e+01   4.0930862921691933e+01   1.9197114150522935e+01   3.1820429410433757e+01  -1.4183949280769133e+00   1.2321216898348496e+01   2.4794185535797659e+01   3.5929617400540479e+01   1.9617727785356756e+01   3.3759502186090373e+01   6.6040089374383557e+00   4.4003265995468803e+00  -6.7375701492151929e-01   3.1830178422123822e+01  -5.7542304804506328e+00   8.8735153839109380e+00   1.1643454477203033e+01   4.3790840261341330e+01   6.3451218671423959e-01   1.5270452243314761e+01   4.6961328031133664e+00   1.7419126282196054e+01   2.3273190627513841e+01   2.2020887385014191e+01   3.7586540939711641e+00   2.7375077045848688e+01   8.4454873475089656e+00   1.5572937987846956e+02   3.5372943909119371e+01   4.6821216735547480e+01   3.8020335572536951e+01  -2.6376939991390413e+00   1.4205139313778496e+01   9.6045889753827893e+00   8.7988259394714063e-01   3.5539705284293994e+01   1.6809665408957176e+01   1.2695899557121212e+01   3.6663034444560139e+01   1.4857269804581090e+00   4.6714815563003611e+01   1.4911567333283223e+01   2.8732005313496849e+01   8.5991059076404106e+00  -1.1668890247032118e+00   2.9110437020442594e+00   3.0357616922240190e+01
