   1.4387501230757698e+02   8.3617999909576604e+00   0.0000000000000000e+00   1.1078466233991055e+01   6.5277073045776035e-01   0.0000000000000000e+00   0.0000000000000000e+00   0.0000000000000000e+00  -4.7414162517954583e+00   0.0000000000000000e+00  -9.0867464229132757e+00   0.0000000000000000e+00   1.4525655583056121e+01   0.0000000000000000e+00   0.0000000000000000e+00   0.0000000000000000e+00  -2.0821633973518381e+00   1.3817049589495227e+01   0.0000000000000000e+00   3.0483059909147642e+01   1.9322928710271778e+00   2.3222502617811074e+01  -5.0974035007743979e-01  -7.6687578637376133e+00  -7.2805201372853920e+00   0.0000000000000000e+00   5.2842018314206083e+00   1.9424384102191848e+01   0.0000000000000000e+00  -9.2232409800589839e+00   0.0000000000000000e+00   4.4106409407105517e+01   0.0000000000000000e+00  -3.5213042175993792e-01   9.1405323460372720e+00   0.0000000000000000e+00   0.0000000000000000e+00   0.0000000000000000e+00  -9.1654842454323315e-01   0.0000000000000000e+00   4.1212603062093962e+01   0.0000000000000000e+00  -1.7147436286648130e+00   0.0000000000000000e+00  -5.9952093774081927e+00   2.9163527498672252e+01   0.0000000000000000e+00  -8.1224202674515293e+00  -4.0044710778176196e-01   0.0000000000000000e+00
   8.3617999909576604e+00   1.0399018588268288e+02   1.4558595158766128e+01   1.9674800317913739e+01   0.0000000000000000e+00   8.8444632445139213e+00   5.1388097459540045e+00  -4.4164120099131319e+00   1.0532879299912565e+01   6.2491801431586289e+00   0.0000000000000000e+00   0.0000000000000000e+00   0.0000000000000000e+00   0.0000000000000000e+00   1.7619654255805060e+01   0.0000000000000000e+00   0.0000000000000000e+00   4.1946618080506841e+00   3.3412856457029942e+00   1.8866751447259695e+01  -3.7872196280343768e+00   0.0000000000000000e+00   0.0000000000000000e+00   0.0000000000000000e+00   6.1151775149196155e+00   0.0000000000000000e+00   0.0000000000000000e+00   0.0000000000000000e+00   5.5325707759050289e+00   2.7201181461192920e+00   3.9159424512434335e+01   0.0000000000000000e+00   0.0000000000000000e+00   6.4230470295127873e+00   0.0000000000000000e+00   0.0000000000000000e+00   3.8472908959462359e+01  -7.4052998951332993e+00   0.0000000000000000e+00   0.0000000000000000e+00   1.3892189104352976e+01  -3.0127210926891932e+00   7.6151740989945829e+00   1.3685302231841881e+01   0.0000000000000000e+00   1.4532730847033442e+00   0.0000000000000000e+00   6.0788771755644788e+00   9.0197005396331065e-01   1.3732278064981116e+01
   0.0000000000000000e+00   1.4558595158766128e+01   8.9859385637809027e+01   1.6590120136944631e+01   0.0000000000000000e+00   0.0000000000000000e+00   9.9864371963456868e+00  -3.7567089866427192e+00   0.0000000000000000e+00   0.0000000000000000e+00   0.0000000000000000e+00   5.6332599231193221e+00   0.0000000000000000e+00   0.0000000000000000e+00   1.4957505324275097e+01   0.0000000000000000e+00   0.0000000000000000e+00   0.0000000000000000e+00   0.0000000000000000e+00  -3.0883522018269050e+00   0.0000000000000000e+00   0.0000000000000000e+00   0.0000000000000000e+00   0.0000000000000000e+00  -8.7336581929358204e+00   0.0000000000000000e+00   0.0000000000000000e+00   0.0000000000000000e+00   0.0000000000000000e+00   0.0000000000000000e+00  -2.1315006482426435e+00   8.7459122292854339e+00   1.4923694492776196e+01   0.0000000000000000e+00   1.3225251568642999e+01   1.8339356632277454e+01   2.8820422307626909e+00  -5.1995733379956484e+00   0.0000000000000000e+00   0.0000000000000000e+00   0.0000000000000000e+00   0.0000000000000000e+00   1.2495878974419938e+01   3.2053452868910171e+00   0.0000000000000000e+00   1.6578431990686333e+00   1.2023817392855609e+01   0.0000000000000000e+00   1.2182293827227859e+01   0.0000000000000000e+00
   1.1078466233991055e+01   1.9674800317913739e+01   1.6590120136944631e+01   1.0959093392491022e+02   0.0000000000000000e+00  -5.4973797271962628e+00   1.4165609734673460e+01   0.0000000000000000e+00   0.0000000000000000e+00   1.4073780525943587e+00   1.6135931173261653e+01   0.0000000000000000e+00  -8.3300418950029478e+00   1.6148815575461025e+01   0.0000000000000000e+00   0.0000000000000000e+00   0.0000000000000000e+00   4.9300985199660801e+00   0.0000000000000000e+00   1.8642082901971687e+01   6.5811648735493478e+00   0.0000000000000000e+00   1.0581577139579000e+01   8.0799488475234931e+00   0.0000000000000000e+00   0.0000000000000000e+00   0.0000000000000000e+00   0.0000000000000000e+00   0.0000000000000000e+00   1.1777174009089311e+01   0.0000000000000000e+00  -1.3729791986950524e+00   0.0000000000000000e+00  -3.0999111750566062e+00   0.0000000000000000e+00   1.6280948164147826e+01   1.4115774016961076e+01   0.0000000000000000e+00   0.0000000000000000e+00   0.0000000000000000e+00   6.3277792351763402e+00   0.0000000000000000e+00   1.5947573978266210e+00   1.1720858688645674e+01   0.0000000000000000e+00   6.4148641717113897e+00   9.4485688651875535e+00   0.0000000000000000e+00   5.0459699150093993e+00   1.8083641723899539e+01
   6.5277073045776035e-01   0.0000000000000000e+00   0.0000000000000000e+00   0.0000000000000000e+00   1.3436278053985913e+02   1.7724145897370352e+01  -1.1786014332384678e+00   0.0000000000000000e+00   0.0000000000000000e+00   1.4396566149647128e+01   1.1013285900362458e+01   0.0000000000000000e+00   0.0000000000000000e+00   0.0000000000000000e+00   0.0000000000000000e+00  -4.3656660685595678e+00   8.8175689207794576e+00   1.5402770040898439e+01   0.0000000000000000e+00   1.6915632768088571e+01   9.1104223826719206e+00   0.0000000000000000e+00   0.0000000000000000e+00   0.0000000000000000e+00  -9.0548628625064360e+00   0.0000000000000000e+00  -6.1795666631000241e+00  -9.0959555805276402e+00   2.1532649458567636e+00  -3.4025616784748642e+00   0.0000000000000000e+00   0.0000000000000000e+00   0.0000000000000000e+00   9.3806266446905724e+00   0.0000000000000000e+00   0.0000000000000000e+00  -9.9730918395302766e+00   0.0000000000000000e+00   1.5726627958334230e+01   3.0684318152023486e+00   0.0000000000000000e+00   0.0000000000000000e+00   0.0000000000000000e+00   0.0000000000000000e+00   0.0000000000000000e+00   0.0000000000000000e+00   0.0000000000000000e+00   2.4054618954572113e+00   1.2513652527127107e+01   4.3684855913135259e+00
   0.0000000000000000e+00   8.8444632445139213e+00   0.0000000000000000e+00  -5.4973797271962628e+00   1.7724145897370352e+01   1.6323261428347618e+02   0.0000000000000000e+00   0.0000000000000000e+00   0.0000000000000000e+00   1.4250440195330487e+00   0.0000000000000000e+00   0.0000000000000000e+00   0.0000000000000000e+00  -6.0640268749175954e+00   0.0000000000000000e+00   0.0000000000000000e+00   0.0000000000000000e+00   1.3479568169064880e+01   1.7288285407343341e+01   0.0000000000000000e+00   0.0000000000000000e+00   0.0000000000000000e+00   0.0000000000000000e+00   0.0000000000000000e+00   6.4826832905251237e+00  -2.7399126353607270e+00   0.0000000000000000e+00   8.1492995345305417e+00  -7.7280353960296946e+00   0.0000000000000000e+00   1.5342358745255655e+01   5.3760290844538741e+00  -2.0662275204081144e+00  -2.8552833426070716e+00   0.0000000000000000e+00   8.9988671916194569e+00   0.0000000000000000e+00  -6.9948693860350177e+00   0.0000000000000000e+00   0.0000000000000000e+00   2.6281371347504802e+01   0.0000000000000000e+00  -3.4061727875371695e-01   0.0000000000000000e+00   0.0000000000000000e+00   0.0000000000000000e+00  -8.0461332285510174e+00   0.0000000000000000e+00   0.0000000000000000e+00   0.0000000000000000e+00
   0.0000000000000000e+00   5.1388097459540045e+00   9.9864371963456868e+00   1.4165609734673460e+01  -1.1786014332384678e+00   0.0000000000000000e+00   1.1934665419041335e+02   3.5980226289070352e+00   1.4493868415469883e+01  -5.0485499548227040e+00  -6.8770853076215879e+00  -6.1134164210418804e+00   0.0000000000000000e+00   1.1517454548468326e+01   0.0000000000000000e+00   0.0000000000000000e+00   0.0000000000000000e+00   4.2329609083461879e+00   1.0175474900869510e+01   0.0000000000000000e+00   1.7840376004040884e+01   0.0000000000000000e+00   0.0000000000000000e+00   1.1084233025049649e+01   0.0000000000000000e+00   5.5350204040200310e+00   0.0000000000000000e+00   0.0000000000000000e+00   3.5772737488038864e-01   2.3525907420721651e+01   0.0000000000000000e+00   0.0000000000000000e+00   1.6225611602544117e+01   2.5332243436316197e+00   0.0000000000000000e+00   1.2571379445363078e+01   1.2205847014346549e+01  -9.1869914075782191e+00   0.0000000000000000e+00  -9.7274738053895788e+00   0.0000000000000000e+00  -5.6942783565636272e+00   2.9884564662250312e-03   1.9708115592154094e+01   0.0000000000000000e+00  -3.1673314367996142e-02   1.8342555130978528e+00  -8.9057365332899554e+00   0.0000000000000000e+00   1.6621622482654999e+01
   0.0000000000000000e+00  -4.4164120099131319e+00  -3.7567089866427192e+00   0.0000000000000000e+00   0.0000000000000000e+00   0.0000000000000000e+00   3.5980226289070352e+00   1.4193390427955157e+02   0.0000000000000000e+00   0.0000000000000000e+00   2.8562210396454137e+00   8.7688396483211477e+00   1.4507043465254164e+01  -2.5199034540173795e+00  -8.2954997660176115e+00   1.5080076971089337e+01   0.0000000000000000e+00   0.0000000000000000e+00   0.0000000000000000e+00   0.0000000000000000e+00   0.0000000000000000e+00   8.2276348832438728e+00   0.0000000000000000e+00   1.2649282615560274e+01   0.0000000000000000e+00   0.0000000000000000e+00   1.4548942247483158e+01   2.0369703013726266e+00   1.3108766582816749e+01   1.4802417815896156e+01   0.0000000000000000e+00   0.0000000000000000e+00   0.0000000000000000e+00   1.6728560481346943e+01   0.0000000000000000e+00   8.0224957928899769e+00   1.3909860420665005e+01   3.1786531569490712e+00  -4.4244409687426822e+00   7.1701451913754042e+00   4.5591566893059706e+01   0.0000000000000000e+00   0.0000000000000000e+00   0.0000000000000000e+00  -3.7725277824330439e+00   1.8782489675842864e+01   1.5283354895908090e+01   0.0000000000000000e+00   0.0000000000000000e+00   0.0000000000000000e+00
  -4.7414162517954583e+00   1.0532879299912565e+01   0.0000000000000000e+00   0.0000000000000000e+00   0.0000000000000000e+00   0.0000000000000000e+00   1.4493868415469883e+01   0.0000000000000000e+00   1.0081140277651295e+02   0.0000000000000000e+00   1.9775385072723672e+00   1.0522324734075063e+01   0.0000000000000000e+00   0.0000000000000000e+00   6.0900008639099461e+00   8.7501793329224746e+00  -6.4622998995932255e+00   0.0000000000000000e+00   0.0000000000000000e+00   0.0000000000000000e+00   0.0000000000000000e+00   0.0000000000000000e+00   0.0000000000000000e+00   0.0000000000000000e+00  -8.8748206700559500e+00   0.0000000000000000e+00   7.7516141194122135e+00   0.0000000000000000e+00   4.0220514933892204e+00   1.6652519538870010e+01   2.9746831275147770e+01   0.0000000000000000e+00   0.0000000000000000e+00   0.0000000000000000e+00   3.8610776265459243e+00   3.5074202854778406e+01   0.0000000000000000e+00   0.0000000000000000e+00   2.0390916001461807e+00   0.0000000000000000e+00   1.8697115993126246e+01   0.0000000000000000e+00   2.7486845071628089e+01   0.0000000000000000e+00   1.7492407908034060e+01   0.0000000000000000e+00   0.0000000000000000e+00   6.2859412037909621e+00   0.0000000000000000e+00   0.0000000000000000e+00
   0.0000000000000000e+00   6.2491801431586289e+00   0.0000000000000000e+00   1.4073780525943587e+00   1.4396566149647128e+01   1.4250440195330487e+00  -5.0485499548227040e+00   0.0000000000000000e+00   0.0000000000000000e+00   1.3117781881539685e+02   0.0000000000000000e+00  -8.3647565033321580e+00   0.0000000000000000e+00  -1.2807235747697856e+00   2.8367558948261788e+01   0.0000000000000000e+00   3.5172985123425207e+00  -5.0387208548233096e+00   0.0000000000000000e+00   0.0000000000000000e+00   0.0000000000000000e+00   0.0000000000000000e+00   0.0000000000000000e+00   9.7067491376556276e+00   0.0000000000000000e+00   0.0000000000000000e+00   0.0000000000000000e+00   9.6188155054866193e+00   0.0000000000000000e+00   0.0000000000000000e+00  -6.3874215800416483e+00   0.0000000000000000e+00  -8.0075280114052845e+00   0.0000000000000000e+00   0.0000000000000000e+00   1.7009892576046383e+01   0.0000000000000000e+00   0.0000000000000000e+00   1.0210827172726049e+01   0.0000000000000000e+00   1.3145025620224299e+01   0.0000000000000000e+00   0.0000000000000000e+00   0.0000000000000000e+00   0.0000000000000000e+00  -1.2831749848017893e-01   0.0000000000000000e+00  -2.3416394958027933e+00   6.1948874889529648e+00   1.2964451267637084e+01
  -9.0867464229132757e+00   0.0000000000000000e+00   0.0000000000000000e+00   1.6135931173261653e+01   1.1013285900362458e+01   0.0000000000000000e+00  -6.8770853076215879e+00   2.8562210396454137e+00   1.9775385072723672e+00   0.0000000000000000e+00   8.9267169691480589e+01   0.0000000000000000e+00   0.0000000000000000e+00   0.0000000000000000e+00   0.0000000000000000e+00   0.0000000000000000e+00   0.0000000000000000e+00   0.0000000000000000e+00   0.0000000000000000e+00   0.0000000000000000e+00   3.0814471095444318e+01   0.0000000000000000e+00   0.0000000000000000e+00   0.0000000000000000e+00   1.3394992491561624e+01   2.6878475060194205e+01   0.0000000000000000e+00  -5.5679488966786570e+00   1.5134826770723148e+01   3.0395999843656103e+00   1.9226386835156720e+01   0.0000000000000000e+00   0.0000000000000000e+00  -2.9609512721572546e+00   0.0000000000000000e+00   0.0000000000000000e+00   0.0000000000000000e+00   0.0000000000000000e+00   0.0000000000000000e+00   7.4228842080043478e-01   0.0000000000000000e+00   0.0000000000000000e+00  -8.4460893621786859e-01   3.2273472871600852e+01   1.9612698624309512e+01   0.0000000000000000e+00   0.0000000000000000e+00   0.0000000000000000e+00   1.1586328362721929e+01  -3.3616589585997847e+00
   0.0000000000000000e+00   0.0000000000000000e+00   5.6332599231193221e+00   0.0000000000000000e+00   0.0000000000000000e+00   0.0000000000000000e+00  -6.1134164210418804e+00   8.7688396483211477e+00   1.0522324734075063e+01  -8.3647565033321580e+00   0.0000000000000000e+00   1.3577933595122431e+02   0.0000000000000000e+00   0.0000000000000000e+00   1.1992324738376166e+00   0.0000000000000000e+00   0.0000000000000000e+00   1.2027027013156502e+01   0.0000000000000000e+00   0.0000000000000000e+00   3.7062310225282886e+01   0.0000000000000000e+00   0.0000000000000000e+00   0.0000000000000000e+00   0.0000000000000000e+00   0.0000000000000000e+00   0.0000000000000000e+00   0.0000000000000000e+00   0.0000000000000000e+00   0.0000000000000000e+00   0.0000000000000000e+00  -2.3366925405595396e-01  -8.2121118475586385e+00  -6.9877045595600862e+00   0.0000000000000000e+00  -4.7134404294189514e+00  -9.4740521621982925e+00   0.0000000000000000e+00   0.0000000000000000e+00   1.8939370465666656e+01   0.0000000000000000e+00   0.0000000000000000e+00   0.0000000000000000e+00   0.0000000000000000e+00  -6.0927259116833614e+00   0.0000000000000000e+00   0.0000000000000000e+00   0.0000000000000000e+00   0.0000000000000000e+00  -2.8120949872304735e+00
   1.4525655583056121e+01   0.0000000000000000e+00   0.0000000000000000e+00  -8.3300418950029478e+00   0.0000000000000000e+00   0.0000000000000000e+00   0.0000000000000000e+00   1.4507043465254164e+01   0.0000000000000000e+00   0.0000000000000000e+00   0.0000000000000000e+00   0.0000000000000000e+00   1.1158474711690738e+02   0.0000000000000000e+00   0.0000000000000000e+00   0.0000000000000000e+00   0.0000000000000000e+00   1.3821301986134383e+01  -6.4008545753773163e+00   0.0000000000000000e+00   0.0000000000000000e+00   0.0000000000000000e+00   0.0000000000000000e+00   0.0000000000000000e+00   0.0000000000000000e+00   0.0000000000000000e+00   0.0000000000000000e+00   0.0000000000000000e+00   1.0742800633424004e+01   1.9669109907432855e+01   2.2374583916256583e+00   0.0000000000000000e+00   0.0000000000000000e+00   1.9808039518142756e+01   0.0000000000000000e+00   0.0000000000000000e+00   0.0000000000000000e+00   0.0000000000000000e+00   8.5599135922293001e-01   0.0000000000000000e+00   3.0274175250113995e+00   0.0000000000000000e+00   0.0000000000000000e+00   7.4515459477814794e-01   0.0000000000000000e+00   9.6042351737953524e+00   0.0000000000000000e+00   1.9266486406178856e+01   0.0000000000000000e+00   6.9840836557760326e+00
   0.0000000000000000e+00   0.0000000000000000e+00   0.0000000000000000e+00   1.6148815575461025e+01   0.0000000000000000e+00  -6.0640268749175954e+00   1.1517454548468326e+01  -2.5199034540173795e+00   0.0000000000000000e+00  -1.2807235747697856e+00   0.0000000000000000e+00   0.0000000000000000e+00   0.0000000000000000e+00   8.6971700799401759e+01   0.0000000000000000e+00   0.0000000000000000e+00   1.0532379841563383e+01   0.0000000000000000e+00   5.9452909340590363e+00   0.0000000000000000e+00   0.0000000000000000e+00   3.9774761654074364e+00   0.0000000000000000e+00   1.6086945054720196e+01   1.0479017923998629e+01   0.0000000000000000e+00   0.0000000000000000e+00   0.0000000000000000e+00   1.3153378785786813e+01   0.0000000000000000e+00   0.0000000000000000e+00   6.0780057965063463e+00   2.3908330431662854e+00   6.9806996921112798e+00   0.0000000000000000e+00   0.0000000000000000e+00   1.6175608480783286e+01   1.2088697920726105e+01   0.0000000000000000e+00  -6.9295142584486733e+00   0.0000000000000000e+00  -7.0243346563607680e+00   0.0000000000000000e+00   1.6751391007331449e+01   0.0000000000000000e+00  -3.9903668615814025e+00  -3.8699155608558158e+00   0.0000000000000000e+00   0.0000000000000000e+00   0.0000000000000000e+00
   0.0000000000000000e+00   1.7619654255805060e+01   1.4957505324275097e+01   0.0000000000000000e+00   0.0000000000000000e+00   0.0000000000000000e+00   0.0000000000000000e+00  -8.2954997660176115e+00   6.0900008639099461e+00   2.8367558948261788e+01   0.0000000000000000e+00   1.1992324738376166e+00   0.0000000000000000e+00   0.0000000000000000e+00   1.3134590276884930e+02   0.0000000000000000e+00   0.0000000000000000e+00   1.6718164110468877e+01   1.0904142636128004e+01   4.1075362659225227e+00   0.0000000000000000e+00   0.0000000000000000e+00   0.0000000000000000e+00  -1.8606851968761760e+00   2.0840656644249989e+01   0.0000000000000000e+00  -6.2392473668911954e+00   0.0000000000000000e+00   0.0000000000000000e+00   0.0000000000000000e+00   0.0000000000000000e+00   0.0000000000000000e+00   0.0000000000000000e+00   0.0000000000000000e+00   6.4047972990167814e+00   8.8504007929312927e+00  -1.9633519689555694e+00  -2.9248070860604072e+00   1.2566701575190351e+01   0.0000000000000000e+00   0.0000000000000000e+00   0.0000000000000000e+00   0.0000000000000000e+00   0.0000000000000000e+00   0.0000000000000000e+00   1.3724186153394200e+01   0.0000000000000000e+00   1.9911990888444432e+01   0.0000000000000000e+00   0.0000000000000000e+00
   0.0000000000000000e+00   0.0000000000000000e+00   0.0000000000000000e+00   0.0000000000000000e+00  -4.3656660685595678e+00   0.0000000000000000e+00   0.0000000000000000e+00   1.5080076971089337e+01   8.7501793329224746e+00   0.0000000000000000e+00   0.0000000000000000e+00   0.0000000000000000e+00   0.0000000000000000e+00   0.0000000000000000e+00   0.0000000000000000e+00   1.4749448432357562e+02   0.0000000000000000e+00  -4.6497251237188628e+00   3.3528680107737287e+01  -3.1786603866284047e-01   1.4149058025772636e+01   0.0000000000000000e+00   0.0000000000000000e+00   0.0000000000000000e+00  -8.0341828122019834e+00   4.0864725706046741e+01  -3.5488765655743766e+00   0.0000000000000000e+00   8.7412696492003619e+00   0.0000000000000000e+00   0.0000000000000000e+00  -1.7824712095502981e+00   0.0000000000000000e+00   1.4958855867804608e+01   1.3281986971945255e+01   0.0000000000000000e+00   0.0000000000000000e+00   0.0000000000000000e+00   0.0000000000000000e+00   1.8006819868204936e+01   0.0000000000000000e+00   0.0000000000000000e+00   0.0000000000000000e+00   0.0000000000000000e+00   0.0000000000000000e+00   9.7299630029457340e+00   0.0000000000000000e+00   0.0000000000000000e+00   0.0000000000000000e+00   0.0000000000000000e+00
  -2.0821633973518381e+00   0.0000000000000000e+00   0.0000000000000000e+00   0.0000000000000000e+00   8.8175689207794576e+00   0.0000000000000000e+00   0.0000000000000000e+00   0.0000000000000000e+00  -6.4622998995932255e+00   3.5172985123425207e+00   0.0000000000000000e+00   0.0000000000000000e+00   0.0000000000000000e+00   1.0532379841563383e+01   0.0000000000000000e+00   0.0000000000000000e+00   1.3500955892306149e+02   0.0000000000000000e+00   0.0000000000000000e+00   0.0000000000000000e+00   0.0000000000000000e+00   0.0000000000000000e+00   3.5605419671869818e+00   0.0000000000000000e+00   0.0000000000000000e+00  -5.4309106125844773e+00   1.1654895634850295e+01   1.4018972331529255e+01  -2.8357662758170354e+00   0.0000000000000000e+00   0.0000000000000000e+00   0.0000000000000000e+00   0.0000000000000000e+00   0.0000000000000000e+00   0.0000000000000000e+00   1.3835223305985597e+01   0.0000000000000000e+00   0.0000000000000000e+00   1.3790088889387047e+00   0.0000000000000000e+00   0.0000000000000000e+00   9.3440919663754229e+00   0.0000000000000000e+00   0.0000000000000000e+00  -4.0454844749020760e+00   0.0000000000000000e+00   2.1681304339184546e+00   6.7269845716872325e+00   8.5000360218627762e+00   2.1478041095023386e+00
   1.3817049589495227e+01   4.1946618080506841e+00   0.0000000000000000e+00   4.9300985199660801e+00   1.5402770040898439e+01   1.3479568169064880e+01   4.2329609083461879e+00   0.0000000000000000e+00   0.0000000000000000e+00  -5.0387208548233096e+00   0.0000000000000000e+00   1.2027027013156502e+01   1.3821301986134383e+01   0.0000000000000000e+00   1.6718164110468877e+01  -4.6497251237188628e+00   0.0000000000000000e+00   1.1824166501618666e+02   8.9400043364608024e+00   0.0000000000000000e+00   1.3629012596362724e+01   0.0000000000000000e+00   0.0000000000000000e+00   0.0000000000000000e+00   0.0000000000000000e+00   0.0000000000000000e+00   0.0000000000000000e+00   0.0000000000000000e+00   0.0000000000000000e+00   0.0000000000000000e+00   0.0000000000000000e+00   3.8957752345693972e+00   0.0000000000000000e+00   0.0000000000000000e+00   0.0000000000000000e+00   1.7335424977292917e+01   0.0000000000000000e+00   0.0000000000000000e+00   0.0000000000000000e+00   1.0318549115527397e+01   0.0000000000000000e+00   0.0000000000000000e+00   0.0000000000000000e+00  -4.6414167700717783e+00  -3.6497207083151402e+00   0.0000000000000000e+00   0.0000000000000000e+00   4.6209376873040320e+00   0.0000000000000000e+00   0.0000000000000000e+00
   0.0000000000000000e+00   3.3412856457029942e+00   0.0000000000000000e+00   0.0000000000000000e+00   0.0000000000000000e+00   1.7288285407343341e+01   1.0175474900869510e+01   0.0000000000000000e+00   0.0000000000000000e+00   0.0000000000000000e+00   0.0000000000000000e+00   0.0000000000000000e+00  -6.4008545753773163e+00   5.9452909340590363e+00   1.0904142636128004e+01   3.3528680107737287e+01   0.0000000000000000e+00   8.9400043364608024e+00   1.5424804496964967e+02   0.0000000000000000e+00   1.7934997529327028e+01   0.0000000000000000e+00   0.0000000000000000e+00   0.0000000000000000e+00   9.5206754662058231e+00   0.0000000000000000e+00   0.0000000000000000e+00   1.6238627811885387e+00   0.0000000000000000e+00   1.2659236120372164e+00   1.7188047697153383e+01   0.0000000000000000e+00   2.8660706553223307e+01   0.0000000000000000e+00   0.0000000000000000e+00  -4.5585447091970908e+00   0.0000000000000000e+00   0.0000000000000000e+00  -5.7348198586953272e+00   0.0000000000000000e+00   0.0000000000000000e+00  -6.9886119713508901e+00  -6.4599596523161198e+00  -2.2104056379074919e+00  -5.9365944158615971e+00   0.0000000000000000e+00   0.0000000000000000e+00   0.0000000000000000e+00   0.0000000000000000e+00   0.0000000000000000e+00
   3.0483059909147642e+01   1.8866751447259695e+01  -3.0883522018269050e+00   1.8642082901971687e+01   1.6915632768088571e+01   0.0000000000000000e+00   0.0000000000000000e+00   0.0000000000000000e+00   0.0000000000000000e+00   0.0000000000000000e+00   0.0000000000000000e+00   0.0000000000000000e+00   0.0000000000000000e+00   0.0000000000000000e+00   4.1075362659225227e+00  -3.1786603866284047e-01   0.0000000000000000e+00   0.0000000000000000e+00   0.0000000000000000e+00   1.2398973826082492e+02   0.0000000000000000e+00   0.0000000000000000e+00   0.0000000000000000e+00   8.5472150229034298e+00   0.0000000000000000e+00   1.7154755730740376e+00   0.0000000000000000e+00   0.0000000000000000e+00   0.0000000000000000e+00   0.0000000000000000e+00   0.0000000000000000e+00   1.9280644281247810e+01   0.0000000000000000e+00   0.0000000000000000e+00   0.0000000000000000e+00   1.4021236543809877e+01   1.5696078848233949e+01   0.0000000000000000e+00   0.0000000000000000e+00   0.0000000000000000e+00   0.0000000000000000e+00   0.0000000000000000e+00   1.9316465949419705e+01   0.0000000000000000e+00   0.0000000000000000e+00   1.1685642718458126e+01   0.0000000000000000e+00   0.0000000000000000e+00   0.0000000000000000e+00   8.5826370961109539e+00
   1.9322928710271778e+00  -3.7872196280343768e+00   0.0000000000000000e+00   6.5811648735493478e+00   9.1104223826719206e+00   0.0000000000000000e+00   1.7840376004040884e+01   0.0000000000000000e+00   0.0000000000000000e+00   0.0000000000000000e+00   3.0814471095444318e+01   3.7062310225282886e+01   0.0000000000000000e+00   0.0000000000000000e+00   0.0000000000000000e+00   1.4149058025772636e+01   0.0000000000000000e+00   1.3629012596362724e+01   1.7934997529327028e+01   0.0000000000000000e+00   1.1974949661877253e+02  -9.6854219779875965e+00   0.0000000000000000e+00   0.0000000000000000e+00   0.0000000000000000e+00   1.6551550396686601e+01   0.0000000000000000e+00   2.0872449779043119e+01   0.0000000000000000e+00   1.0901395646081696e+01   3.7441904850683230e+00   0.0000000000000000e+00   0.0000000000000000e+00   3.5406942793272478e-01   0.0000000000000000e+00   0.0000000000000000e+00  -5.6894914688284164e+00   7.9449830258775158e+00  -4.3130178887732331e+00   0.0000000000000000e+00   2.5155622918528628e+00   8.2792643040579748e+00  -7.4045855036928749e+00   0.0000000000000000e+00   0.0000000000000000e+00   1.2845128031054603e+01   0.0000000000000000e+00   1.3796676615389735e+01   5.7451657162890655e+00   0.0000000000000000e+00
   2.3222502617811074e+01   0.0000000000000000e+00   0.0000000000000000e+00   0.0000000000000000e+00   0.0000000000000000e+00   0.0000000000000000e+00   0.0000000000000000e+00   8.2276348832438728e+00   0.0000000000000000e+00   0.0000000000000000e+00   0.0000000000000000e+00   0.0000000000000000e+00   0.0000000000000000e+00   3.9774761654074364e+00   0.0000000000000000e+00   0.0000000000000000e+00   0.0000000000000000e+00   0.0000000000000000e+00   0.0000000000000000e+00   0.0000000000000000e+00  -9.6854219779875965e+00   1.3919460842153393e+02   0.0000000000000000e+00   0.0000000000000000e+00   6.2234875002838841e+00   0.0000000000000000e+00   0.0000000000000000e+00   3.3732865563772911e+01   1.8969705741376242e+01   0.0000000000000000e+00   0.0000000000000000e+00   2.5501397976774243e-01   0.0000000000000000e+00   6.9132603103059367e+00   5.8196474431309255e+00   1.5459488930775876e+01  -9.7473942295736968e+00   0.0000000000000000e+00   0.0000000000000000e+00   0.0000000000000000e+00   8.5961782208783717e+00   0.0000000000000000e+00   0.0000000000000000e+00   0.0000000000000000e+00   0.0000000000000000e+00   1.5948214136296322e+01  -5.3190810065049501e+00  -6.6703507924544647e+00   1.4147210169368137e+01   0.0000000000000000e+00
  -5.0974035007743979e-01   0.0000000000000000e+00   0.0000000000000000e+00   1.0581577139579000e+01   0.0000000000000000e+00   0.0000000000000000e+00   0.0000000000000000e+00   0.0000000000000000e+00   0.0000000000000000e+00   0.0000000000000000e+00   0.0000000000000000e+00   0.0000000000000000e+00   0.0000000000000000e+00   0.0000000000000000e+00   0.0000000000000000e+00   0.0000000000000000e+00   3.5605419671869818e+00   0.0000000000000000e+00   0.0000000000000000e+00   0.0000000000000000e+00   0.0000000000000000e+00   0.0000000000000000e+00   1.3382951561948397e+02  -9.5038042020938995e+00   0.0000000000000000e+00   0.0000000000000000e+00   1.4307057751663013e+01   2.7832291524032602e+00   0.0000000000000000e+00   0.0000000000000000e+00  -7.1504487091479980e+00   1.3460600924997365e+01  -5.4074489435645745e-02   1.9491022943519919e+01   4.2789081979671071e+00   0.0000000000000000e+00   0.0000000000000000e+00  -2.2839041114135323e+00   0.0000000000000000e+00   0.0000000000000000e+00   7.3097666294028834e+00   2.6960983119512953e+01   0.0000000000000000e+00   1.3682616721687797e+00   4.8088482255468428e+00   0.0000000000000000e+00   0.0000000000000000e+00  -4.3478536426484746e+00   0.0000000000000000e+00   0.0000000000000000e+00
  -7.6687578637376133e+00   0.0000000000000000e+00   0.0000000000000000e+00   8.0799488475234931e+00   0.0000000000000000e+00   0.0000000000000000e+00   1.1084233025049649e+01   1.2649282615560274e+01   0.0000000000000000e+00   9.7067491376556276e+00   0.0000000000000000e+00   0.0000000000000000e+00   0.0000000000000000e+00   1.6086945054720196e+01  -1.8606851968761760e+00   0.0000000000000000e+00   0.0000000000000000e+00   0.0000000000000000e+00   0.0000000000000000e+00   8.5472150229034298e+00   0.0000000000000000e+00   0.0000000000000000e+00  -9.5038042020938995e+00   1.3547066280889331e+02   6.8311484448312534e+00   0.0000000000000000e+00   8.2223170317971110e+00   0.0000000000000000e+00   1.6136109088789510e+01   0.0000000000000000e+00   0.0000000000000000e+00   2.0589303527061034e+01   0.0000000000000000e+00   1.8485662299223140e+00   0.0000000000000000e+00  -3.0240360250053779e+00   0.0000000000000000e+00  -3.1641479418271619e+00   0.0000000000000000e+00   8.9126390274154623e+00   0.0000000000000000e+00   4.4086823477980097e-01   0.0000000000000000e+00   5.7889749911384882e+00   0.0000000000000000e+00   0.0000000000000000e+00   0.0000000000000000e+00  -5.8260338552922200e+00   0.0000000000000000e+00   0.0000000000000000e+00
  -7.2805201372853920e+00   6.1151775149196155e+00  -8.7336581929358204e+00   0.0000000000000000e+00  -9.0548628625064360e+00   6.4826832905251237e+00   0.0000000000000000e+00   0.0000000000000000e+00  -8.8748206700559500e+00   0.0000000000000000e+00   1.3394992491561624e+01   0.0000000000000000e+00   0.0000000000000000e+00   1.0479017923998629e+01   2.0840656644249989e+01  -8.0341828122019834e+00   0.0000000000000000e+00   0.0000000000000000e+00   9.5206754662058231e+00   0.0000000000000000e+00   0.0000000000000000e+00   6.2234875002838841e+00   0.0000000000000000e+00   6.8311484448312534e+00   9.3239626422514718e+01   0.0000000000000000e+00   0.0000000000000000e+00   0.0000000000000000e+00  -5.4426149047583969e+00   0.0000000000000000e+00   0.0000000000000000e+00   0.0000000000000000e+00   1.4567245169204487e+01   0.0000000000000000e+00   2.3284676008514431e+01   0.0000000000000000e+00   1.3622029649819421e+01   5.9998926105935428e+00   9.4718062277803483e+00  -5.2544058976764934e+00   1.0572508257926636e+01  -9.3136971185467914e+00   0.0000000000000000e+00   0.0000000000000000e+00   6.4690144881436922e+00   1.1935412899326803e+01   0.0000000000000000e+00   0.0000000000000000e+00   0.0000000000000000e+00   0.0000000000000000e+00
   0.0000000000000000e+00   0.0000000000000000e+00   0.0000000000000000e+00   0.0000000000000000e+00   0.0000000000000000e+00  -2.7399126353607270e+00   5.5350204040200310e+00   0.0000000000000000e+00   0.0000000000000000e+00   0.0000000000000000e+00   2.6878475060194205e+01   0.0000000000000000e+00   0.0000000000000000e+00   0.0000000000000000e+00   0.0000000000000000e+00   4.0864725706046741e+01  -5.4309106125844773e+00   0.0000000000000000e+00   0.0000000000000000e+00   1.7154755730740376e+00   1.6551550396686601e+01   0.0000000000000000e+00   0.0000000000000000e+00   0.0000000000000000e+00   0.0000000000000000e+00   9.1035279175115804e+01   0.0000000000000000e+00   1.1212769731941460e+01   0.0000000000000000e+00   0.0000000000000000e+00   0.0000000000000000e+00   0.0000000000000000e+00   0.0000000000000000e+00   1.5108768293543459e+01   1.3815780289247094e+01   0.0000000000000000e+00   0.0000000000000000e+00   1.4737193185931265e+01   5.8808916350593776e-01   0.0000000000000000e+00   0.0000000000000000e+00   9.7173899828037662e+00   0.0000000000000000e+00   0.0000000000000000e+00   0.0000000000000000e+00  -3.2718455583445269e+00  -1.1581078979581267e+00   0.0000000000000000e+00   0.0000000000000000e+00   1.6276616712912162e+00
   5.2842018314206083e+00   0.0000000000000000e+00   0.0000000000000000e+00   0.0000000000000000e+00  -6.1795666631000241e+00   0.0000000000000000e+00   0.0000000000000000e+00   1.4548942247483158e+01   7.7516141194122135e+00   0.0000000000000000e+00   0.0000000000000000e+00   0.0000000000000000e+00   0.0000000000000000e+00   0.0000000000000000e+00  -6.2392473668911954e+00  -3.5488765655743766e+00   1.1654895634850295e+01   0.0000000000000000e+00   0.0000000000000000e+00   0.0000000000000000e+00   0.0000000000000000e+00   0.0000000000000000e+00   1.4307057751663013e+01   8.2223170317971110e+00   0.0000000000000000e+00   0.0000000000000000e+00   1.3366102408370662e+02   0.0000000000000000e+00   0.0000000000000000e+00   1.2244941575762311e+00   0.0000000000000000e+00   0.0000000000000000e+00   0.0000000000000000e+00  -6.3937165102934310e+00   4.6675036283213842e+00   1.2768968556446588e+01   0.0000000000000000e+00   0.0000000000000000e+00  -5.2504984948105609e+00   0.0000000000000000e+00   0.0000000000000000e+00  -8.6819586123427364e+00   8.6786494992798424e+00   0.0000000000000000e+00   0.0000000000000000e+00  -3.4906615312175830e+00   0.0000000000000000e+00   0.0000000000000000e+00   1.7428457607480436e+01   1.9961892203395788e+01
   1.9424384102191848e+01   0.0000000000000000e+00   0.0000000000000000e+00   0.0000000000000000e+00  -9.0959555805276402e+00   8.1492995345305417e+00   0.0000000000000000e+00   2.0369703013726266e+00   0.0000000000000000e+00   9.6188155054866193e+00  -5.5679488966786570e+00   0.0000000000000000e+00   0.0000000000000000e+00   0.0000000000000000e+00   0.0000000000000000e+00   0.0000000000000000e+00   1.4018972331529255e+01   0.0000000000000000e+00   1.6238627811885387e+00   0.0000000000000000e+00   2.0872449779043119e+01   3.3732865563772911e+01   2.7832291524032602e+00   0.0000000000000000e+00   0.0000000000000000e+00   1.1212769731941460e+01   0.0000000000000000e+00   1.2042854722935428e+02   4.4831527500776893e+00   4.8286414216776006e+00   1.5028547330526926e+01   1.7314110423252973e+01   0.0000000000000000e+00  -2.9766064481499521e+00   0.0000000000000000e+00   4.7730572940377023e+00   1.3983692735775008e+01   1.4122024085314617e+00   1.5225882066846793e+01   0.0000000000000000e+00   0.0000000000000000e+00  -3.5146629631684281e+00   0.0000000000000000e+00   4.9735528609686028e+00   0.0000000000000000e+00   1.8991611202660664e+01   0.0000000000000000e+00   0.0000000000000000e+00   0.0000000000000000e+00   0.0000000000000000e+00
   0.0000000000000000e+00   5.5325707759050289e+00   0.0000000000000000e+00   0.0000000000000000e+00   2.1532649458567636e+00  -7.7280353960296946e+00   3.5772737488038864e-01   1.3108766582816749e+01   4.0220514933892204e+00   0.0000000000000000e+00   1.5134826770723148e+01   0.0000000000000000e+00   1.0742800633424004e+01   1.3153378785786813e+01   0.0000000000000000e+00   8.7412696492003619e+00  -2.8357662758170354e+00   0.0000000000000000e+00   0.0000000000000000e+00   0.0000000000000000e+00   0.0000000000000000e+00   1.8969705741376242e+01   0.0000000000000000e+00   1.6136109088789510e+01  -5.4426149047583969e+00   0.0000000000000000e+00   0.0000000000000000e+00   4.4831527500776893e+00   9.2882029636139222e+01   4.0733104939955624e+01   0.0000000000000000e+00  -2.1346449673175982e-01   0.0000000000000000e+00  -4.7263310310224247e+00   0.0000000000000000e+00   3.2430171805725845e+00   0.0000000000000000e+00   0.0000000000000000e+00   0.0000000000000000e+00   0.0000000000000000e+00   4.8998609763733096e+00   5.8682311847868007e-01   9.6378246234562823e+00  -9.7764493521054359e+00   0.0000000000000000e+00   3.4586116430017242e+00   0.0000000000000000e+00   0.0000000000000000e+00   0.0000000000000000e+00   0.0000000000000000e+00
  -9.2232409800589839e+00   2.7201181461192920e+00   0.0000000000000000e+00   1.1777174009089311e+01  -3.4025616784748642e+00   0.0000000000000000e+00   2.3525907420721651e+01   1.4802417815896156e+01   1.6652519538870010e+01   0.0000000000000000e+00   3.0395999843656103e+00   0.0000000000000000e+00   1.9669109907432855e+01   0.0000000000000000e+00   0.0000000000000000e+00   0.0000000000000000e+00   0.0000000000000000e+00   0.0000000000000000e+00   1.2659236120372164e+00   0.0000000000000000e+00   1.0901395646081696e+01   0.0000000000000000e+00   0.0000000000000000e+00   0.0000000000000000e+00   0.0000000000000000e+00   0.0000000000000000e+00   1.2244941575762311e+00   4.8286414216776006e+00   4.0733104939955624e+01   1.3678848741243218e+02   2.5497459327547539e+01   0.0000000000000000e+00   1.6294651386458074e+00   0.0000000000000000e+00   7.8713283343105438e+00   7.0290581955803120e+00   0.0000000000000000e+00   8.3474791470650409e+00   0.0000000000000000e+00   1.8070304777143463e+01  -2.5050482752454970e+00   1.6326911007652988e+01   0.0000000000000000e+00   5.8184737649582541e+00   1.6202046477993616e+01   8.4936077534793242e+00  -6.2070810877422034e-01   0.0000000000000000e+00   0.0000000000000000e+00   1.0847624030822754e+01
   0.0000000000000000e+00   3.9159424512434335e+01  -2.1315006482426435e+00   0.0000000000000000e+00   0.0000000000000000e+00   1.5342358745255655e+01   0.0000000000000000e+00   0.0000000000000000e+00   2.9746831275147770e+01  -6.3874215800416483e+00   1.9226386835156720e+01   0.0000000000000000e+00   2.2374583916256583e+00   0.0000000000000000e+00   0.0000000000000000e+00   0.0000000000000000e+00   0.0000000000000000e+00   0.0000000000000000e+00   1.7188047697153383e+01   0.0000000000000000e+00   3.7441904850683230e+00   0.0000000000000000e+00  -7.1504487091479980e+00   0.0000000000000000e+00   0.0000000000000000e+00   0.0000000000000000e+00   0.0000000000000000e+00   1.5028547330526926e+01   0.0000000000000000e+00   2.5497459327547539e+01   8.6129556691841188e+01   0.0000000000000000e+00   1.0539024967989647e+01   0.0000000000000000e+00   0.0000000000000000e+00  -6.0666692596871759e+00   0.0000000000000000e+00   0.0000000000000000e+00  -6.8691931798433234e+00   0.0000000000000000e+00   1.0563966179167707e+01   0.0000000000000000e+00   7.0586065582624222e+00  -8.1343051163850095e+00   8.1068553057961061e+00   0.0000000000000000e+00   0.0000000000000000e+00   0.0000000000000000e+00  -8.7989162965770262e-01   1.5043359106130698e+01
