   1.8994388311514757e+02   2.9210704003087624e+01   8.2548798913250323e+00   4.4707416920502546e+01   3.2475844753779029e+01   1.9883154358979400e+01   2.9943592832461306e+01   1.4088343957092555e+01   2.7888127731231815e+00   2.4556192456825528e+01   1.9630628130030917e+01   2.0576078191388824e+01   1.6016453416975892e+01   2.1758866901384863e+01   1.8798452278419958e+01   9.5233205318170846e+00   9.9992972766546870e+00   3.1498567015926803e+01   1.7672604306505491e+01   9.5211565746915099e+00   3.8600444639663721e+01   1.4907476058748237e+01   1.2606559985427172e+01   8.9886461231493175e+00   1.6617237422349291e+01   3.7659279908376000e+00   2.5651928141734075e+01   3.8392632275457771e+01  -1.7142980260004279e+00   2.3705448966042127e+01   8.9587465445018442e+00   6.9383586882576953e+00  -1.3779189489806472e+00   2.9228057957695530e+01   3.9891160567562700e-01   2.5736658129314620e+01   3.2662306047353525e+01   3.2951260347481821e+01   4.3006129874886938e+01   1.8513086808991879e+01   2.3463733480996014e+00   2.6150529309998575e+01   1.9841985927371983e+01   1.6645094364709983e+01   2.8309689501314153e+01   3.6450384008798466e+01   2.2224983850651107e+01   1.3560483823385379e+01   3.8865038765973935e+01   4.2106078048354396e+00
   2.9210704003087624e+01   1.5526578344863549e+02   1.7519747132140914e+01   3.1705432119275937e+01   9.8153256368938084e+00   3.7569650747432766e+00   2.5656779469683354e+01   2.0628176058169657e+01   6.7131328762444822e+00   1.9010761566848892e+01   2.8145459607587666e+00   9.9054035757664245e+00   3.4353862242793021e+01   9.4598032210869576e+00   2.4452830349327030e+01   2.8517302518311510e+01   3.4506974139352316e+01   2.2591681896909478e+01   1.3677843641285991e+01   2.4233795391283550e+01   1.7828756472372653e+01   1.7000432944846338e+01   1.8376752539480815e+01   2.1811173149477376e+01   4.1272395943852871e+01   1.9752968476915658e+01   1.9667369252559940e+01   8.2347529484070918e+00   2.9790736607391043e+01   2.5803876666631041e+01   1.2304837896193821e+01   1.8535299156844403e+01   1.2753045315473162e+01  -2.5181632596735417e+00   1.9637698543899965e+01   3.2425777647465381e+01   1.8043005073803442e+01   2.5329090806950642e+01   1.2831456446833815e+01  -1.4447484185744353e-01   4.5151202189655024e+01   4.1025355139302022e+01   2.2962826878235500e+01   1.9015161692064201e+01   2.9370770541035249e+01   1.1359455771695925e+00   2.9026534259963277e+01   2.6935121376149240e+01   1.2565060428614226e+01   2.4005188525997255e+01
   8.2548798913250323e+00   1.7519747132140914e+01   1.5967329494726056e+02  -2.4095553509914769e+00   1.8785965511352885e+01   2.6660337284125681e+01   1.2616191401373843e+01   3.9311700879061618e+01   4.2326681900058034e+00   1.2748486437916073e+01   4.6188772079088743e+01   2.2129237936348694e+01   1.9719137873939772e+01   2.2171853780758585e+01   1.5141362454984901e+00   2.0766348767523613e+01   1.1852511956893947e+01   8.5225338149878240e+00   2.5550107093225005e+01   1.4529580992544890e+01   6.5928666387971262e+00   1.2896895729237770e+01   5.1629493842014718e+00   1.4728614357187633e+01   4.2851486095724542e+00   3.9700030696642990e+01   1.1361254287743645e+01  -3.3353954858021044e+00  -7.6444155881486076e-01   2.7944000879736784e+01   2.6247462578488715e+01   3.7274303158145230e+01  -3.5641008207538487e+00   2.5086939683613700e+01   1.5776040158921571e+01   1.6004283974586890e+01   1.7492284588929007e+01   1.0396158326540959e+01   3.5078439668558687e+01   4.0334406531834359e+00   3.6148164866447758e+01   2.4919273549472848e+01   1.0589180499220603e+01  -1.2962002366567345e+00   2.3848259619286896e+01   3.1351596841288519e+01   2.6673783704232214e+01   4.9972525410083168e-01   7.9388950585681428e+00   3.1213964355047711e+01
   4.4707416920502546e+01   3.1705432119275937e+01  -2.4095553509914769e+00   1.9330500750247160e+02   1.9800880376520649e+01   3.8694540377374516e+01  -6.0672453492147138e-01   3.4895275942019509e+01   1.7671843811938416e+01  -5.4716312569294612e-01   2.5803222528185714e+01   1.8307492781173629e+01   2.6410527344730259e+01   1.4117834663507521e+01   3.5749238247280282e+01   5.5456146633744945e+00   2.5703598344721669e+01   3.9707250279334275e+01   2.4457978487904093e+01   1.3809325365361602e+01   3.6599125969668009e+01   1.2745817779880722e+01   2.5555306116518040e+01  -1.4742310987478273e+00   2.8357792295614793e+01   1.5605832882797408e+01   2.6633532783986187e+00   1.1146801293925513e+01   1.8659076228765432e+01   1.0465034119524960e+01   7.0403643911559808e+00   2.8536017857064998e+01   1.2534966848819021e+01   3.2878532863120981e+01   3.5839948326167395e+01   4.4740060420544729e+01   2.2878297662197657e+01   1.3270321418621613e+01   2.4821560117723457e+01   2.1369186819818978e+01   2.8281410445814807e+01   2.3663833038206782e+01   9.8649167104212374e+00   2.2782997424619069e+01   1.4108683480086118e+01   3.0608044287909358e+01   1.0146614984778505e+01   2.9308398408589419e+01   1.5689822665033017e+01   3.2361509561624313e+00
   3.2475844753779029e+01   9.8153256368938084e+00   1.8785965511352885e+01   1.9800880376520649e+01   1.8023642075199052e+02   1.0585159200293472e+01   2.9586424969612999e+00   2.0531625093420509e+01   2.7574232150455735e+01  -1.6744249883035005e+00  -3.8789503645949521e+00   1.2415910918682943e+01   5.7486119286353343e+00   2.7566088422027359e+01   2.5975735617199561e+01   1.9361942293641228e+01   2.9636303024631282e+01  -4.5118791831974887e+00   3.2713168819383654e+01   2.7668533698243916e+01   1.2125540342603296e+01   3.2714140104332024e+01  -1.8384323020460203e+00   2.4342644040198074e+01   1.7435971249118463e+01   1.0382842788808009e+01   1.5486014375161574e+01   1.8788984992923215e+01   3.8450487602179251e+01   1.9039117637946426e+01   3.8085696317680792e+01   1.5240024113857388e+01   1.6338784935362398e+01   3.4832943495689094e+01   2.8113208197837302e+01   1.3516037486023524e+01   3.1560728993065844e+01   4.2062317745925270e+01   3.0778294474129652e+01   3.5851792722240333e+01   2.9634259624055829e+01   1.6459187155341098e+01   9.9124617136688897e+00   2.1868053509802085e+01   2.5380194369277071e+01   4.1270749954989000e+01   3.3781081810356753e+01   1.3079995078764549e+01   1.6593088226785127e+01   2.1576635422710609e+01
   1.9883154358979400e+01   3.7569650747432766e+00   2.6660337284125681e+01   3.8694540377374516e+01   1.0585159200293472e+01   1.4917960385683966e+02   1.6257765012700162e+01   1.8540785814957342e+01   1.6778332157664927e+01   4.1758167505014621e+00   1.5546441225207609e+01   2.0590004631270080e+01   1.5349079878315930e+01   1.7877983105278599e+01   1.8924866970840608e+01   2.4889364808806516e+01   3.0243285152857151e+01   3.1811701691612072e+01   3.4349289612657515e+01   6.4932536126820501e+00   2.7512333263025734e+01   1.4171608196891978e+00   1.4812268729858936e+01   1.4672819763818451e+01   6.1414906259854467e+00   2.7460943576859496e+01   1.5718954449747013e+01   1.9984844647486359e+01   1.6266097148083194e+01   3.1084449573915709e+01   2.6454236438733719e+01   2.5764018628323253e+01   5.8804567150501938e+00   2.2542564229029807e+01   2.6624459123495278e+01   3.4363434945615028e+00   3.3524524728683524e+01   2.1225783127500087e+01   2.0765408199090469e+01   2.7550591158547721e+01   9.8574510274548395e+00   5.5107770803910814e+00   2.1532829699304500e+01   2.1885075896651669e+00   3.8111218643899235e+01   2.8509099081900416e+01   3.6033236713805574e+00   5.4735428150211494e+00   2.1115154260462020e+01   4.0195106948862914e+01
   2.9943592832461306e+01   2.5656779469683354e+01   1.2616191401373843e+01  -6.0672453492147138e-01   2.9586424969612999e+00   1.6257765012700162e+01   1.7507662718686367e+02   1.3787501821693514e+01   2.0123336269868588e+01   1.4706427465460070e-01   1.1255871359490813e+01   2.8747645870664918e+01   4.2183606529086155e+01   1.3629898971677278e+01   4.4336222222431815e+01   2.2902832159039739e+00   3.0922973607125460e+01   3.6558734805850364e+01   2.2460082393633073e+01   2.3439901066292496e+01   6.0450282687005350e+00   3.2359661499174919e+01   3.3035246601953766e+01   2.1129119110305222e+01   7.4533066233695084e+00   2.1254620943403854e+01   2.4410387050072867e+01   1.5415582221756765e+01   1.7006255578907687e+01   3.9406923634107001e+00   3.0326486199775733e+01   1.6317373050863750e+01  -1.6603430387603670e+00   9.1122410904611915e+00   5.8083831565142470e+00   2.6172356283922269e+01   9.5456285623887336e+00   1.8144821782506078e+01   1.2163150969138609e+01   1.6254260848613903e+01   1.6545751911882096e+01   2.0747124107345712e+01   4.3237054977440925e+00   2.4945645985921416e+01   6.9269019290962346e+00   3.2064113401631580e+01   1.7851940003434684e+01   5.7916715867470394e+00   2.2971179159786324e+01   2.4421227229316834e+01
   1.4088343957092555e+01   2.0628176058169657e+01   3.9311700879061618e+01   3.4895275942019509e+01   2.0531625093420509e+01   1.8540785814957342e+01   1.3787501821693514e+01   1.9728295487781213e+02   2.6553225365935546e+01   3.4333495020114810e+01   4.0325213057424378e+01   1.3233259007539795e+01  -3.6674237169933566e-01   1.8386455483456722e+01   2.1552153720258964e+01   4.9626952904479866e+00   3.8562026091000632e+01   4.0795554954353747e+01   5.8042556655630575e+00   1.7483829590750485e+01   8.3330821196213289e+00   8.2414314835967986e+00   1.1901797235357918e+01   1.1243053108249962e+01   2.7057253298349160e-01   2.0886111915071901e+01   4.0739293479676931e+01   1.2279705561425382e+01   1.9897326304193861e+01   1.2685781785904037e+01   4.1694312640358483e+01   2.8622856243049057e+01   1.6467727889545174e+01   2.0376401021823948e+01   9.3509633316603455e+00   1.9850213808933169e+01   2.7914222477033299e+01   1.9682370234464805e+01   1.3882942824797237e+01   3.2305635909484842e+01   1.6373627202952971e+01   4.3286773660633500e+01   2.8453695091120842e+01  -2.0917293692304444e+00   1.7233707383535396e+01   2.6876785734136774e+01   2.1904839085049730e+01   8.1511488851386211e+00   2.7846574799357374e+01   3.7256448545748867e+01
   2.7888127731231815e+00   6.7131328762444822e+00   4.2326681900058034e+00   1.7671843811938416e+01   2.7574232150455735e+01   1.6778332157664927e+01   2.0123336269868588e+01   2.6553225365935546e+01   1.8401114262286953e+02   2.0871070415307969e+01   2.4339140567639049e+01   1.1704183093710926e+01   1.0641261399630572e+01   3.4744491753392495e+01  -3.2460159737447447e+00   1.0570886969777964e+01   2.5405480827661961e+01   3.4489940127414172e+01   1.7969224983943441e+01   2.3888183448606739e+01   1.8950900737961547e+01   3.0016972164265461e+01   2.1679926834362373e+01   1.8821794818086424e+01   1.7356164355698240e+01   9.2244939949384293e+00   3.5935912508052454e+01   3.3769441826368592e+01   2.0664179278532767e+01   3.9007066655711100e+01   4.0392153128937061e+01   2.5564743689758096e+01   2.8315468845907340e+01  -1.4610778409277803e-01   2.9305275553746409e+01   2.0453921047487384e+01   2.2647024961350475e+00   1.1864766299635841e+01   3.1639575997893857e+01   7.5529378980693371e+00   1.9095678060380475e+01   3.3475977065016824e+00   3.5493728201023288e+01   1.5938133261500028e+01   2.8298838296854818e+00   1.2923259484335869e+01   3.2182386462620492e+01   1.2778317796731676e+01   3.5527956056401791e+01   5.2501937375537926e+00
   2.4556192456825528e+01   1.9010761566848892e+01   1.2748486437916073e+01  -5.4716312569294612e-01  -1.6744249883035005e+00   4.1758167505014621e+00   1.4706427465460070e-01   3.4333495020114810e+01   2.0871070415307969e+01   1.8128609216568555e+02   2.4161510868722925e+01   1.3511188328685982e+01   3.9722838077621724e+01   2.4462352380200308e+01   3.5470168046553741e+00   1.6648277326642219e+01   2.6953807823723583e+01   3.3511361895285191e+01   7.1250114965945954e+00   4.2086988105194791e+01   7.2256644752894683e-01   6.6081098540849350e+00   5.0392261585782299e+00   2.5586768683247577e+01   3.4426731969701628e+01   7.2876257495826398e+00   1.3849940139523348e+01   3.7971126441488110e+00   4.1886347657776511e+01   1.9598159298820672e+01  -2.6865444590011700e+00   3.7484756558542301e+01  -1.5178536430043392e+00   5.2573905839467017e-01   2.1269978364410719e+01   5.1302030476486609e+00   1.0166837774799172e+01   1.6852776591143055e+00   3.0869240065373386e+01  -4.1429069572230759e-01   2.1087689530513721e+01  -3.9800515223400312e+00   1.1091338429230614e+01   2.7002459483133734e+01   2.0498935066703751e+01   1.6995185005486853e+01   1.8169150854020589e+01   2.8488624296030871e+01   1.2480394541304426e+01   4.7713579045699433e+01
   1.9630628130030917e+01   2.8145459607587666e+00   4.6188772079088743e+01   2.5803222528185714e+01  -3.8789503645949521e+00   1.5546441225207609e+01   1.1255871359490813e+01   4.0325213057424378e+01   2.4339140567639049e+01   2.4161510868722925e+01   1.4595496950379842e+02   4.2593459023229343e+01   1.0855051363360722e+01   3.1174272478023251e+01   3.3602476942166980e+01   2.1097838298170295e+01   1.7437730800334933e+01   2.5512108443062402e+01   1.8147585148194729e+01   3.2348726911158629e+01   1.5076084276056401e+01   2.2167462936503362e+01   9.3024755779385959e+00   1.4693000606274609e+01   3.7362451513790276e+01   3.5380514400758201e+00   2.8856462340245855e+01   2.5351559854774507e+01  -7.8047673221858256e+00   1.2350846668056786e+01   1.7820956622490819e+01   3.2015601666126784e+01   3.1103319811857467e+01   1.6511283980389162e+01   1.7947293235752419e+01   4.2107638839051006e+01   3.1447538265175268e+01   3.0649041634124547e+01   2.0261365987124698e+01   2.9243504727754594e+01   9.9805285318425163e+00   8.1650361056969398e+00   3.1874044271665376e+01   2.3569163184585154e+01   2.9534214766637312e+01   4.4192679230800621e+01   2.1585221218627641e+01   2.5097679634377712e+01   8.8524814306534800e+00   1.0756799255608485e+01
   2.0576078191388824e+01   9.9054035757664245e+00   2.2129237936348694e+01   1.8307492781173629e+01   1.2415910918682943e+01   2.0590004631270080e+01   2.8747645870664918e+01   1.3233259007539795e+01   1.1704183093710926e+01   1.3511188328685982e+01   4.2593459023229343e+01   1.8768811827389732e+02   2.7904543453318977e+00  -3.4987938543249859e+00  -2.5415173279809062e+00   2.1401699027294573e+01   1.7279971593672784e+01   2.7478240277900120e+01   2.2686675724772730e+01   9.6037956285708841e+00   7.5800618875137182e-01   8.4962051915428614e+00   4.8419028686264429e+00   3.8286772441214101e+00   2.0139714558274264e+01   7.7745111108270955e+00   2.2006004584997058e+01   2.5124424370372772e+01   8.2715370703812727e+00   3.1228735850911647e+01   7.1726972201390202e+00   2.0467240783501314e+01   2.1113950786079570e+01   3.6929453761410286e+01   3.3527755773186200e+01   1.3770704523076631e+01   7.9534573609510462e+00   1.8705744908674284e+01   3.1518907888080744e+01   1.8334339576199113e+01   4.4990795951833888e+00   1.6636283790862265e+01   3.2323004119880274e+01   6.7271284044308732e-01   2.5804924473079335e+01   1.2570203482860368e+01   1.6659580352064104e+01   1.2547103510535205e+01   1.9680780047596620e+01   2.6665841802080593e+01
   1.6016453416975892e+01   3.4353862242793021e+01   1.9719137873939772e+01   2.6410527344730259e+01   5.7486119286353343e+00   1.5349079878315930e+01   4.2183606529086155e+01  -3.6674237169933566e-01   1.0641261399630572e+01   3.9722838077621724e+01   1.0855051363360722e+01   2.7904543453318977e+00   1.9487237400126980e+02   1.4121443810498839e+01   2.1791630498469431e+01   2.7716813230030560e+01   4.4418807794125158e+01   1.0143191710142970e+01   2.1601652792346426e-01   3.7097094301561711e+01   3.3698435803875860e+01   1.0521825617903469e+01   2.0817229788659763e+01   6.6935950607444203e+00   2.0264665027659234e+01   2.1414005655681237e+01   3.1032506736790886e+01   1.0537802085373050e+01   4.3495966290704622e+01   3.2610391219586162e+01   1.1328169380138910e+01   4.6235871721082660e+01   1.7513359435678915e+01   2.4197651681717851e+01   2.5821833584471456e+01   2.3444600294641988e+00   3.7608889389309589e+01   1.0643029508745880e+00   1.1539961507885216e+01   1.8863035495104867e+01   2.8135822462794195e+01   2.3032470041088231e+01   2.2628840534945152e+01   3.6444853823082262e+01   4.8833253276499091e+00   2.1898020422791291e+01   1.1203803425734110e+01   1.3002583003735513e+01   1.9868642332824482e+01   7.6060866542828114e+00
   2.1758866901384863e+01   9.4598032210869576e+00   2.2171853780758585e+01   1.4117834663507521e+01   2.7566088422027359e+01   1.7877983105278599e+01   1.3629898971677278e+01   1.8386455483456722e+01   3.4744491753392495e+01   2.4462352380200308e+01   3.1174272478023251e+01  -3.4987938543249859e+00   1.4121443810498839e+01   1.4865398607737029e+02   2.7113504296964127e+01   2.1438225821706638e+01  -6.5162151731557767e+00   2.0365379475121724e+01   1.6827880042784642e+01   3.9865651849574689e+01   2.0505886512144336e+01   3.9954077826723200e+01   1.5364165789698717e+01   3.0482222651379807e+01   1.4511300151025862e+01   4.6829702246940265e+01   8.2025900427554994e+00   3.0123091551849811e+01   2.1067054269566189e+01   1.2087654308739381e+01   1.6584402309403153e+01   4.4016090147004627e+00   3.2044156983014789e+00   3.0366097282919416e+01   2.8913336139639849e+01   2.0590622423139564e+01   2.0823808303850335e+01  -3.9631003086699224e+00   2.1796430587617575e+01   8.7583441003340585e+00   2.7788937264335836e+01   2.2397754500881394e+01   2.1037925873336615e+01  -6.4956639778527370e-01   3.0455501026367230e+01   2.1504959380882081e+01   2.0269306700473454e+01   7.1756395075670856e+00   1.3851623037089409e+00   1.0663323479709945e+01
   1.8798452278419958e+01   2.4452830349327030e+01   1.5141362454984901e+00   3.5749238247280282e+01   2.5975735617199561e+01   1.8924866970840608e+01   4.4336222222431815e+01   2.1552153720258964e+01  -3.2460159737447447e+00   3.5470168046553741e+00   3.3602476942166980e+01  -2.5415173279809062e+00   2.1791630498469431e+01   2.7113504296964127e+01   1.9433096931861274e+02   2.1740894014310733e+01   1.4946247325710656e+01   1.5873869942393261e+01   2.8333145974179892e+01   2.1801755655332439e+01   2.3503614096118689e+01   3.1696562348724996e+01   1.7969626410699256e+01   2.3578063215142031e+01   2.0641239964787918e+01   2.1350047727342741e+01   2.5902115294143186e+01   1.5098716265857300e+01   1.9148278919345252e+01  -3.1945393301993406e+00   1.7260430169294224e+01   1.1450144789678527e+00   9.5926824916269382e-01   4.2029054580347257e+01   6.3398262036139066e+00   1.8213251676479942e+01   9.1423198416005871e+00   4.5278090204727057e+00   1.9382261682610824e+01   2.3500127751622379e+01   3.6291774907326769e+01   1.3679274172201453e+01   1.8612428366262900e+01   6.4609021046123249e+00   2.9804690010164894e+01   2.0678387386801774e+01   2.3913765777267020e+01   2.9884663910101516e+01   2.1064864941446508e+01  -9.8849203450883660e-01
   9.5233205318170846e+00   2.8517302518311510e+01   2.0766348767523613e+01   5.5456146633744945e+00   1.9361942293641228e+01   2.4889364808806516e+01   2.2902832159039739e+00   4.9626952904479866e+00   1.0570886969777964e+01   1.6648277326642219e+01   2.1097838298170295e+01   2.1401699027294573e+01   2.7716813230030560e+01   2.1438225821706638e+01   2.1740894014310733e+01   1.8885823309874809e+02   2.3805119615063003e+01   2.0363143716471626e+01   6.2653187267723229e+00   2.3328936600020082e+01   2.3774275977496702e+00   1.0457919419808452e+01   2.0786732248724743e+01   6.5555254824644660e+00   2.4315428527345560e+01  -3.6369803382490202e+00   1.4868549692160837e+01   3.2040538474227660e+01   1.0941889452279817e+01   1.9754180728585773e+01  -3.3061837164397221e+00   3.1806063518736973e+01   1.8247721689255478e+01   1.4653022671104649e+01   6.0772658652164804e+00   3.0871850402219799e+01   2.8789055173059872e+01   8.6297491435735072e+00   2.8977457105444081e+01   1.3572709869392607e-01   2.4969788149121666e+01   2.2857039058859105e+01   2.1772438095124063e+01   2.4902159578580743e+01   2.3213230142300823e+01   5.9445659511340789e+00  -1.1157311577413864e-01   4.3361352368196577e+01   1.4840137411577183e+01   4.8580396621905955e+01
   9.9992972766546870e+00   3.4506974139352316e+01   1.1852511956893947e+01   2.5703598344721669e+01   2.9636303024631282e+01   3.0243285152857151e+01   3.0922973607125460e+01   3.8562026091000632e+01   2.5405480827661961e+01   2.6953807823723583e+01   1.7437730800334933e+01   1.7279971593672784e+01   4.4418807794125158e+01  -6.5162151731557767e+00   1.4946247325710656e+01   2.3805119615063003e+01   1.4540401089809788e+02  -1.7905691582884442e+00   1.5121493789838805e+01   2.1380519552507550e+01   3.5089222519054788e+00   2.2410722840546633e+01   1.6715640997474701e+01   2.6829372464384331e+01   2.2844746803022687e+01   1.0361435167651880e+01   3.6096063392844485e+01   7.9315557953719260e+00   1.2826904933959627e+01   1.2989446448738018e+01   2.2097414279947905e+01   2.8279231477872866e+00   1.3901012098923106e+01   1.3182784768968398e+01   3.4823638731276539e+01   1.8733568579402554e+01   2.3369738995385607e+01   1.0905508633658897e+01   1.4546130058657678e+01   1.3912895031986377e+01   7.4487062433889308e+00   2.6322117092492419e+01   1.5961327866608336e+01   2.8678385597022469e+01   2.2466045599102753e+01   6.4598252972348185e+00   3.6179921616807199e+01   2.3228702908096054e+01   9.5141218354948389e+00   2.2313133854838419e+01
   3.1498567015926803e+01   2.2591681896909478e+01   8.5225338149878240e+00   3.9707250279334275e+01  -4.5118791831974887e+00   3.1811701691612072e+01   3.6558734805850364e+01   4.0795554954353747e+01   3.4489940127414172e+01   3.3511361895285191e+01   2.5512108443062402e+01   2.7478240277900120e+01   1.0143191710142970e+01   2.0365379475121724e+01   1.5873869942393261e+01   2.0363143716471626e+01  -1.7905691582884442e+00   1.4693439225102580e+02   6.1210211503215080e+00   4.5441819109602520e+01   3.1476033317029842e+01  -7.5834908761083479e+00  -1.9737268141112674e+00   2.4555548133802276e+01   4.1234211959010537e+01   4.2632558841115298e+01   1.0227953113789559e+00   3.1360964040731965e+01  -2.1334695611838423e+00   4.0157086531942127e+01   1.8189988761084887e+01   2.2656488709190310e+01  -5.3904776591504016e+00   4.7020371299487058e+00   3.0698016674438719e+01   2.6788364971075925e+01   2.8363307279536336e+01   2.5624552457482956e+01   1.6977551456444626e+00   1.8916064768721590e+01   1.0018690785131151e+01   2.2620556985410190e+01   1.8608691840505756e+01   1.7351715496719557e+01   2.2445048191980943e+00   3.8241360122809326e+01   1.2996116517955221e+01   2.8640631847138607e+01   2.9730851133692958e+01   1.6370774716865064e+01
   1.7672604306505491e+01   1.3677843641285991e+01   2.5550107093225005e+01   2.4457978487904093e+01   3.2713168819383654e+01   3.4349289612657515e+01   2.2460082393633073e+01   5.8042556655630575e+00   1.7969224983943441e+01   7.1250114965945954e+00   1.8147585148194729e+01   2.2686675724772730e+01   2.1601652792346426e-01   1.6827880042784642e+01   2.8333145974179892e+01   6.2653187267723229e+00   1.5121493789838805e+01   6.1210211503215080e+00   1.9622075360880521e+02   1.3045787634611816e+01   5.4248441162695205e-01   1.7672329146787948e+01   2.2637340077398981e+01   2.4147445229049794e+01   3.2330200534914873e+01   2.0278806525649525e+01   8.9747032753624616e+00   1.7858162645579235e+01   1.6929789609276188e+01   3.6098942291349118e+01   1.8255899980712911e+01   1.0678576322258255e+01   6.0061718174268384e+00   3.4230666271660269e+01   2.6307258727912007e+01   4.3560737921714612e+00   4.1003612665996371e+01   2.2220821297693998e+01   1.3254693980637198e+01   2.4844636149768569e+01   2.0179726384718563e+01   2.6295549417104517e+01   1.9642754070843530e+01   6.8552377830530560e+00   1.4443969701810902e+01   4.3462729744057018e+00   1.0774390127013993e+01   3.1238939560158761e+00   2.7319000106415842e+01   2.1804299918143418e+01
   9.5211565746915099e+00   2.4233795391283550e+01   1.4529580992544890e+01   1.3809325365361602e+01   2.7668533698243916e+01   6.4932536126820501e+00   2.3439901066292496e+01   1.7483829590750485e+01   2.3888183448606739e+01   4.2086988105194791e+01   3.2348726911158629e+01   9.6037956285708841e+00   3.7097094301561711e+01   3.9865651849574689e+01   2.1801755655332439e+01   2.3328936600020082e+01   2.1380519552507550e+01   4.5441819109602520e+01   1.3045787634611816e+01   1.7950436991810739e+02   1.9053960706937389e+01   7.6437831378543439e+00   8.5010452702043153e+00   2.8617454587830206e+01   1.9126229048674027e+01   2.6305308280540153e+01   1.1314737666728165e+01   1.0227417032952712e+01   2.3222885024970481e+01   2.1510124009640720e+01   2.9292792410062326e+01   1.0794738340808864e+01   1.4678653017330255e+01   2.6615210418616979e+01   2.7369247835993839e+01   7.4750893693089004e+00   2.0969892762401027e+01   1.7289292607463079e+01   3.0285076477827630e+01   7.2856560685424849e+00   3.6411752484918310e+01   9.8504215092569929e+00   3.6291006803395760e+01   3.3829895472442587e+01   3.5246898183789895e+01   1.6089340582474684e+01   7.0285465972523173e+00   3.8436417895929571e+00   3.1781227783969115e+01   2.5245304680355076e+01
   3.8600444639663721e+01   1.7828756472372653e+01   6.5928666387971262e+00   3.6599125969668009e+01   1.2125540342603296e+01   2.7512333263025734e+01   6.0450282687005350e+00   8.3330821196213289e+00   1.8950900737961547e+01   7.2256644752894683e-01   1.5076084276056401e+01   7.5800618875137182e-01   3.3698435803875860e+01   2.0505886512144336e+01   2.3503614096118689e+01   2.3774275977496702e+00   3.5089222519054788e+00   3.1476033317029842e+01   5.4248441162695205e-01   1.9053960706937389e+01   1.7690445604322468e+02   4.8722711193558990e+00   3.6979421435863307e+00   1.4760870266077285e+01   2.7636252660279439e+01   1.9887331070468452e+01   2.6401116901027830e+00  -4.7707716753360963e-01   2.7934964082499818e+01   4.0546222053150714e+01   1.2331724838504993e+01   1.7542363080085501e+01   1.7879684342591133e+00   3.2100507638179060e+01   3.0197632413156267e+01   2.1895509065102100e+01   1.9954400112503667e+01   9.8981933265692295e+00   2.7310163335072456e+01   2.8922384714386702e+01   3.2934930195787068e+01   3.1178755793306667e+01  -2.2366536871828124e+00   1.9193034163339515e+01   1.4768657547949864e+01   1.1358786912072036e+01   1.8058626395521504e+01   6.4495158812585149e+00   1.5213367635074338e+01   3.1246055590445696e+01
   1.4907476058748237e+01   1.7000432944846338e+01   1.2896895729237770e+01   1.2745817779880722e+01   3.2714140104332024e+01   1.4171608196891978e+00   3.2359661499174919e+01   8.2414314835967986e+00   3.0016972164265461e+01   6.6081098540849350e+00   2.2167462936503362e+01   8.4962051915428614e+00   1.0521825617903469e+01   3.9954077826723200e+01   3.1696562348724996e+01   1.0457919419808452e+01   2.2410722840546633e+01  -7.5834908761083479e+00   1.7672329146787948e+01   7.6437831378543439e+00   4.8722711193558990e+00   1.5193204453960897e+02   1.9143835146052893e+01   1.9160018796044980e+01   9.7829747480984643e+00   2.1288494244568991e+01   1.7237020333883521e+01   7.9996655113697148e+00   1.4163360279461074e+01   1.3697772747256010e+01   2.2264395807300719e+01   2.8034496821075983e+01   6.1691675742940362e+00   3.5738800291422933e+01   2.4601934122228670e+01   1.2987272522585254e+01   2.4514241885423779e+01   2.4706373086904897e+01   2.7818192162326866e+01   2.3000592791126476e+01   3.9733289086676447e+00   2.2211594605001864e+01   1.6854637480255622e+01   8.3449889162234285e+00  -4.3361299895822256e+00   1.3815912194661832e+01  -1.5470463510717760e+00   2.1131097624385646e+01   1.8355422083263807e+01   2.4401439437151403e+01
   1.2606559985427172e+01   1.8376752539480815e+01   5.1629493842014718e+00   2.5555306116518040e+01  -1.8384323020460203e+00   1.4812268729858936e+01   3.3035246601953766e+01   1.1901797235357918e+01   2.1679926834362373e+01   5.0392261585782299e+00   9.3024755779385959e+00   4.8419028686264429e+00   2.0817229788659763e+01   1.5364165789698717e+01   1.7969626410699256e+01   2.0786732248724743e+01   1.6715640997474701e+01  -1.9737268141112674e+00   2.2637340077398981e+01   8.5010452702043153e+00   3.6979421435863307e+00   1.9143835146052893e+01   1.4686533949428994e+02   2.2176870032412197e+01   5.4488817663960534e+00   3.6865401048606266e+01   3.8616269588780909e+01   3.8163876677429940e+00   2.8591447490240675e+01   1.6055487254915391e+01   2.2941322259507018e+01   2.4191812031493566e+01   3.1995320568606385e+01   2.6437310155541731e+01   8.6852729522954739e+00   3.8755612724469430e+01  -5.6461958503234033e-01   6.9637248311972026e+00   1.3316511806253875e+01   2.3694814667167421e+01   2.3525807330477175e+01   3.8762369402453793e+01   3.3116546771993669e+01   4.4000795800336441e+01   1.1735865540005422e+01   6.3591967631486748e+00   1.1964706337024154e+01   1.4433453358612553e+01   2.0038120799668832e+01   2.3654495862781914e+01
   8.9886461231493175e+00   2.1811173149477376e+01   1.4728614357187633e+01  -1.4742310987478273e+00   2.4342644040198074e+01   1.4672819763818451e+01   2.1129119110305222e+01   1.1243053108249962e+01   1.8821794818086424e+01   2.5586768683247577e+01   1.4693000606274609e+01   3.8286772441214101e+00   6.6935950607444203e+00   3.0482222651379807e+01   2.3578063215142031e+01   6.5555254824644660e+00   2.6829372464384331e+01   2.4555548133802276e+01   2.4147445229049794e+01   2.8617454587830206e+01   1.4760870266077285e+01   1.9160018796044980e+01   2.2176870032412197e+01   1.8822845737388445e+02   1.1702153056410019e+01   1.7364946387183977e+01   2.0405807088487258e+01   5.9863304057280660e+00  -7.5916860808318916e+00   1.4567969385564112e+01   3.7055226867689953e+01   2.0605106193189176e+01   1.5066648456176756e+01   2.1366676157111840e+01  -3.6172221161538136e+00   5.5387351311365016e+00   1.4092714754975471e+01   3.0156141959811187e+01   3.0046791607690768e+01   9.9327591028827218e+00   2.9078503770620848e+01   2.7693013276082620e+01   3.6652906186003609e-01   9.0423697876454021e+00  -4.1850964862627302e+00   1.8108148143681642e+01   7.8042121142354279e+00   6.8137209792092772e+00   3.3158529829875647e+01   3.8660404971866939e+01
   1.6617237422349291e+01   4.1272395943852871e+01   4.2851486095724542e+00   2.8357792295614793e+01   1.7435971249118463e+01   6.1414906259854467e+00   7.4533066233695084e+00   2.7057253298349160e-01   1.7356164355698240e+01   3.4426731969701628e+01   3.7362451513790276e+01   2.0139714558274264e+01   2.0264665027659234e+01   1.4511300151025862e+01   2.0641239964787918e+01   2.4315428527345560e+01   2.2844746803022687e+01   4.1234211959010537e+01   3.2330200534914873e+01   1.9126229048674027e+01   2.7636252660279439e+01   9.7829747480984643e+00   5.4488817663960534e+00   1.1702153056410019e+01   1.7697063490023862e+02   1.9917149109348134e+01   1.0002580983829848e+01   2.2800139056012107e+01   3.9088891522499260e+01   1.2825729978033538e+01   1.8556963751597831e+01   2.1371488022477312e+01   1.0736985332241460e+01   1.8324835136859285e+01   4.6419901238392768e+01   2.7101631880986594e+00   1.4650882370033319e+01   1.2281994904627290e+01   3.3827554159987912e+01   2.7865935409579158e+01   1.8919474740255851e+01   1.0976323255051229e+01   4.1703105706302388e+01   7.6643060934920797e+00   1.1870772385478515e+01   4.9637152410320713e+00   4.7253434993298960e+01   3.9623144946274181e+01   1.5034480037439922e+01   1.8412725062778328e+01
   3.7659279908376000e+00   1.9752968476915658e+01   3.9700030696642990e+01   1.5605832882797408e+01   1.0382842788808009e+01   2.7460943576859496e+01   2.1254620943403854e+01   2.0886111915071901e+01   9.2244939949384293e+00   7.2876257495826398e+00   3.5380514400758201e+00   7.7745111108270955e+00   2.1414005655681237e+01   4.6829702246940265e+01   2.1350047727342741e+01  -3.6369803382490202e+00   1.0361435167651880e+01   4.2632558841115298e+01   2.0278806525649525e+01   2.6305308280540153e+01   1.9887331070468452e+01   2.1288494244568991e+01   3.6865401048606266e+01   1.7364946387183977e+01   1.9917149109348134e+01   1.8396974607660087e+02   1.6916199079846912e+01   3.0898608074009292e+01   2.1848019473042349e+01   2.8891079162899644e+01   2.1192416747222850e+01   5.6829896043673758e+00   2.1990700568380728e+01   1.9125180093690389e+01   3.1450631561748565e-01   3.8389131450242992e+01   2.3914636270942474e+01   3.6744214543834516e+01   1.2022688904392400e+01  -3.8960241410706065e-01   1.4545251377773782e+01   1.1889178041435196e+01   2.7616621192292953e+01   1.1706724940082855e+01   3.5378843508501774e+01   2.3923129073173136e+01   2.5157798938508844e+01   5.6319239091453621e-01   1.9414492068989350e+01   2.2421125626088404e+01
   2.5651928141734075e+01   1.9667369252559940e+01   1.1361254287743645e+01   2.6633532783986187e+00   1.5486014375161574e+01   1.5718954449747013e+01   2.4410387050072867e+01   4.0739293479676931e+01   3.5935912508052454e+01   1.3849940139523348e+01   2.8856462340245855e+01   2.2006004584997058e+01   3.1032506736790886e+01   8.2025900427554994e+00   2.5902115294143186e+01   1.4868549692160837e+01   3.6096063392844485e+01   1.0227953113789559e+00   8.9747032753624616e+00   1.1314737666728165e+01   2.6401116901027830e+00   1.7237020333883521e+01   3.8616269588780909e+01   2.0405807088487258e+01   1.0002580983829848e+01   1.6916199079846912e+01   1.8364137243868129e+02   8.7142075742576317e+00   1.8901930292357108e+01   2.5950554627137869e+01   2.6067945898318669e+01   5.0484086765655425e+00   7.4956337976150733e-01   1.6070192942800329e+01   3.3574364126768600e+01   3.0002642360815287e+01   4.1584177932384012e+00   1.9864765005093645e+01   2.6643049632968406e+01   1.6483512139310537e+01   1.7705242246290553e+01   2.9746492796259368e+01   4.0280545946638469e+01   3.6903839114641386e+01   4.3467604251803984e+01   2.5501398619862229e+01   1.0656495440469904e+01   1.6376915034059092e+01   4.5731716577651383e+01   2.4349152396539502e+01
   3.8392632275457771e+01   8.2347529484070918e+00  -3.3353954858021044e+00   1.1146801293925513e+01   1.8788984992923215e+01   1.9984844647486359e+01   1.5415582221756765e+01   1.2279705561425382e+01   3.3769441826368592e+01   3.7971126441488110e+00   2.5351559854774507e+01   2.5124424370372772e+01   1.0537802085373050e+01   3.0123091551849811e+01   1.5098716265857300e+01   3.2040538474227660e+01   7.9315557953719260e+00   3.1360964040731965e+01   1.7858162645579235e+01   1.0227417032952712e+01  -4.7707716753360963e-01   7.9996655113697148e+00   3.8163876677429940e+00   5.9863304057280660e+00   2.2800139056012107e+01   3.0898608074009292e+01   8.7142075742576317e+00   1.9770732231135295e+02   3.0205633809629806e+01   3.8913464370319964e+01   4.2517939141365204e+00   3.3597234313271798e+01   3.7098866270937898e+00   2.0884625466318688e+01   1.3825804936604381e+01  -1.7484030276315554e+00   2.9000020164770881e+01   3.7361300020854983e+01   2.0292096397984348e+01   3.6244851200511420e+01   3.5642466004601431e+01   1.2866876346727411e+01   1.1180166244259979e+01   2.3080222855253968e+01   2.2627958399516146e+01   1.4160991050115811e+01   2.7559379015380976e+01   1.9964372494480330e+01   4.7223041862004083e+00   4.1685697235366295e+00
  -1.7142980260004279e+00   2.9790736607391043e+01  -7.6444155881486076e-01   1.8659076228765432e+01   3.8450487602179251e+01   1.6266097148083194e+01   1.7006255578907687e+01   1.9897326304193861e+01   2.0664179278532767e+01   4.1886347657776511e+01  -7.8047673221858256e+00   8.2715370703812727e+00   4.3495966290704622e+01   2.1067054269566189e+01   1.9148278919345252e+01   1.0941889452279817e+01   1.2826904933959627e+01  -2.1334695611838423e+00   1.6929789609276188e+01   2.3222885024970481e+01   2.7934964082499818e+01   1.4163360279461074e+01   2.8591447490240675e+01  -7.5916860808318916e+00   3.9088891522499260e+01   2.1848019473042349e+01   1.8901930292357108e+01   3.0205633809629806e+01   1.6065226009058856e+02   4.7995516662760291e+00   2.1171490751155098e+01   2.7983865005793533e+01   2.5181567393364279e-01   3.0117141361373463e+01   6.1272288147271619e+00   1.2884140385617577e+01   4.3648530401506754e+01   2.1424188842700129e+01   1.9476112900177782e+01   2.9753606725617651e+01   2.6638580493277292e+01   3.4682195516017885e+01   3.0788386156842769e+01   4.3680074047766322e+00   9.7429898762894993e+00   2.3317806276232311e+01  -3.8855224557086236e+00   2.5843728242400477e+01   3.5369519419215316e+00   2.2543062379313252e+01
   2.3705448966042127e+01   2.5803876666631041e+01   2.7944000879736784e+01   1.0465034119524960e+01   1.9039117637946426e+01   3.1084449573915709e+01   3.9406923634107001e+00   1.2685781785904037e+01   3.9007066655711100e+01   1.9598159298820672e+01   1.2350846668056786e+01   3.1228735850911647e+01   3.2610391219586162e+01   1.2087654308739381e+01  -3.1945393301993406e+00   1.9754180728585773e+01   1.2989446448738018e+01   4.0157086531942127e+01   3.6098942291349118e+01   2.1510124009640720e+01   4.0546222053150714e+01   1.3697772747256010e+01   1.6055487254915391e+01   1.4567969385564112e+01   1.2825729978033538e+01   2.8891079162899644e+01   2.5950554627137869e+01   3.8913464370319964e+01   4.7995516662760291e+00   1.7641997826553532e+02   2.0464492439807643e+01   4.0044325050359312e+01   2.2001115553292220e+01   1.2206965179510993e+01   6.9877208119860672e+00   2.0167375138665424e+01   1.2783228990774388e+01   1.3009030088654075e+01   2.7432629871763801e+01   1.4665898224237852e+01   1.9371859242890963e+01  -8.0802299816731065e+00   1.3559705527626024e+01   7.5337089643681843e+00   1.5093798617513688e+01   3.1854541556314778e+01   2.7788404696582852e+01   4.2519542026789781e+00   2.4407234555558009e+01   3.7317469966796978e+01
   8.9587465445018442e+00   1.2304837896193821e+01   2.6247462578488715e+01   7.0403643911559808e+00   3.8085696317680792e+01   2.6454236438733719e+01   3.0326486199775733e+01   4.1694312640358483e+01   4.0392153128937061e+01  -2.6865444590011700e+00   1.7820956622490819e+01   7.1726972201390202e+00   1.1328169380138910e+01   1.6584402309403153e+01   1.7260430169294224e+01  -3.3061837164397221e+00   2.2097414279947905e+01   1.8189988761084887e+01   1.8255899980712911e+01   2.9292792410062326e+01   1.2331724838504993e+01   2.2264395807300719e+01   2.2941322259507018e+01   3.7055226867689953e+01   1.8556963751597831e+01   2.1192416747222850e+01   2.6067945898318669e+01   4.2517939141365204e+00   2.1171490751155098e+01   2.0464492439807643e+01   1.8714077937944782e+02   3.1072243761937170e+01   3.2579300949156877e+00   6.9344440427061311e+00   1.5983949586186757e+01   1.7290747071951600e+01   3.1018954776144199e+01  -4.2857366110100745e+00   1.9177036741371687e+01   2.0313529535742646e+01   1.5821056444467430e+01   2.7378687031334806e+01   4.3865433555221500e+01   2.5283290518469752e+01   1.5625577567792940e+01   7.9342427968997278e+00   3.0309123452459353e+01   2.8574270048446525e+01   2.9586194536891771e+01   3.6519823497265065e+01
